0.2000 692810.9
0.2020 693536.1
0.2040 701890.5
0.2060 709896.0
0.2080 723578.9
0.2100 723457.3
0.2120 741379.8
0.2140 735696.0
0.2160 763395.9
0.2180 753610.1
0.2200 766481.0
0.2220 770197.2
0.2240 796680.2
0.2260 795828.1
0.2280 827263.2
0.2300 817895.0
0.2320 816479.3
0.2340 853899.6
0.2360 891643.4
0.2380 942194.7
0.2400 959960.7
0.2420 984474.1
0.2440 1022946.2
0.2460 1048673.4
0.2480 1061987.2
0.2500 1103060.4
0.2520 1107096.9
0.2540 1122618.4
0.2560 1102393.2
0.2580 1104512.0
0.2600 1123337.4
0.2620 1128688.0
0.2640 1132613.6
0.2660 1197566.8
0.2680 1188265.1
0.2700 1236751.5
0.2720 1252658.9
0.2740 1246368.2
0.2760 1286951.9
0.2780 1285846.0
0.2800 1262327.5
0.2820 1324718.9
0.2840 1324360.5
0.2860 1334781.8
0.2880 1333461.2
0.2900 1329517.8
0.2920 1362916.2
0.2940 1361028.0
0.2960 1392509.6
0.2980 1379724.4
0.3000 1361444.5
0.3020 1386532.0
0.3040 1378302.4
0.3060 1350413.2
0.3080 1402556.8
0.3100 1382285.0
0.3120 1404742.0
0.3140 1420686.4
0.3160 1411913.4
0.3180 1406729.6
0.3200 1403911.0
0.3220 1439899.8
0.3240 1416096.9
0.3260 1426728.6
0.3280 1396306.2
0.3300 1410414.1
0.3320 1412550.9
0.3340 1422095.8
0.3360 1416790.4
0.3380 1442225.8
0.3400 1443945.9
0.3420 1424295.9
0.3440 1452287.5
0.3460 1441037.4
0.3480 1450074.8
0.3500 1453085.8
0.3520 1463299.9
0.3540 1449172.9
0.3560 1443009.1
0.3580 1476877.0
0.3600 1502974.1
0.3620 1483323.1
0.3640 1498441.8
0.3660 1519804.5
0.3680 1515835.6
0.3700 1518505.1
0.3720 1529578.8
0.3740 1528475.0
0.3760 1538203.9
0.3780 1555546.9
0.3800 1565762.1
0.3820 1545982.0
0.3840 1564631.9
0.3860 1550894.0
0.3880 1548726.6
0.3900 1575602.9
0.3920 1577218.4
0.3940 1565948.1
0.3960 1577336.9
0.3980 1594603.8
0.4000 1595666.4
0.4020 1580055.0
0.4040 1589432.8
0.4060 1581629.2
0.4080 1585923.8
0.4100 1612694.4
0.4120 1573710.5
0.4140 1613395.4
0.4160 1580313.0
0.4180 1577138.0
0.4200 1606987.4
0.4220 1582402.1
0.4240 1555220.2
0.4260 1571013.4
0.4280 1578527.2
0.4300 1587465.2
0.4320 1546183.9
0.4340 1554160.9
0.4360 1540030.8
0.4380 1530668.8
0.4400 1539391.1
0.4420 1535265.8
0.4440 1525193.4
0.4460 1559278.0
0.4480 1534864.0
0.4500 1523748.0
0.4520 1526033.9
0.4540 1547677.9
0.4560 1535261.5
0.4580 1489379.0
0.4600 1533001.1
0.4620 1540843.8
0.4640 1509912.9
0.4660 1527455.9
0.4680 1514930.6
0.4700 1547738.1
0.4720 1534368.1
0.4740 1536532.2
0.4760 1523884.5
0.4780 1538902.6
0.4800 1534460.1
0.4820 1551719.8
0.4840 1565539.0
0.4860 1537737.6
0.4880 1543522.9
0.4900 1562372.5
0.4920 1571317.9
0.4940 1559944.0
0.4960 1563605.2
0.4980 1547256.0
0.5000 1539103.5
0.5020 1580621.8
0.5040 1565418.5
0.5060 1602157.9
0.5080 1558689.1
0.5100 1586803.4
0.5120 1586937.8
0.5140 1602226.6
0.5160 1617239.5
0.5180 1607647.1
0.5200 1628188.4
0.5220 1605997.8
0.5240 1606417.5
0.5260 1629489.9
0.5280 1625293.6
0.5300 1619824.5
0.5320 1643644.2
0.5340 1629967.8
0.5360 1631419.4
0.5380 1599966.1
0.5400 1671341.0
0.5420 1640532.8
0.5440 1661381.8
0.5460 1666981.0
0.5480 1640740.0
0.5500 1664737.5
0.5520 1654928.2
0.5540 1629460.2
0.5560 1644606.4
0.5580 1664313.5
0.5600 1669042.6
0.5620 1668978.1
0.5640 1647467.2
0.5660 1652431.1
0.5680 1650902.2
0.5700 1666154.1
0.5720 1691333.6
0.5740 1714327.8
0.5760 1667318.2
0.5780 1691693.1
0.5800 1675762.5
0.5820 1680968.4
0.5840 1725991.2
0.5860 1658567.4
0.5880 1675706.4
0.5900 1680170.1
0.5920 1683057.5
0.5940 1658181.5
0.5960 1699656.2
0.5980 1681754.9
0.6000 1676680.1
0.6020 1679318.0
0.6040 1679604.5
0.6060 1670564.0
0.6080 1673917.5
0.6100 1690055.4
0.6120 1685579.0
0.6140 1677727.9
0.6160 1669484.5
0.6180 1704914.0
0.6200 1649459.1
0.6220 1674976.9
0.6240 1688429.4
0.6260 1674616.4
0.6280 1680226.1
0.6300 1682377.6
0.6320 1637705.8
0.6340 1678038.8
0.6360 1683848.2
0.6380 1668514.0
0.6400 1695447.4
0.6420 1654991.8
0.6440 1690080.8
0.6460 1646398.4
0.6480 1651604.4
0.6500 1646645.9
0.6520 1653450.2
0.6540 1628278.2
0.6560 1668739.1
0.6580 1635661.0
0.6600 1632872.0
0.6620 1646098.1
0.6640 1621656.8
0.6660 1639657.4
0.6680 1585842.4
0.6700 1609286.9
0.6720 1575684.4
0.6740 1566038.0
0.6760 1550160.2
0.6780 1553383.8
0.6800 1546319.2
0.6820 1548925.4
0.6840 1572251.5
0.6860 1552231.4
0.6880 1555092.2
0.6900 1543535.5
0.6920 1517778.9
0.6940 1514822.8
0.6960 1511493.5
0.6980 1492789.8
0.7000 1485401.6
0.7020 1492892.2
0.7040 1455865.2
0.7060 1471991.5
0.7080 1457056.8
0.7100 1435999.6
0.7120 1425151.1
0.7140 1426816.4
0.7160 1416429.9
0.7180 1399130.1
0.7200 1375909.8
0.7220 1374253.1
0.7240 1323192.2
0.7260 1344348.9
0.7280 1325770.9
0.7300 1276672.2
0.7320 1296459.6
0.7340 1275051.5
0.7360 1270405.9
0.7380 1223363.6
0.7400 1231185.1
0.7420 1231730.6
0.7440 1196231.5
0.7460 1158036.2
0.7480 1148474.5
0.7500 1116630.1
0.7520 1097578.5
0.7540 1090510.8
0.7560 1049524.5
0.7580 1032679.3
0.7600 1026645.6
0.7620 972300.9
0.7640 974527.4
0.7660 954330.8
0.7680 933967.2
0.7700 901918.8
0.7720 892185.8
0.7740 871350.6
0.7760 856869.4
0.7780 834218.9
0.7800 801208.4
0.7820 775369.2
0.7840 771075.8
0.7860 744243.9
0.7880 732601.4
0.7900 718883.6
0.7920 693473.8
0.7940 679323.5
0.7960 648694.0
0.7980 620238.1
0.8000 621259.4
0.8020 606538.3
0.8040 583404.6
0.8060 571670.2
0.8080 551321.4
0.8100 539915.8
0.8120 515918.3
0.8140 521039.7
0.8160 498614.3
0.8180 481217.3
0.8200 473208.7
0.8220 461310.4
0.8240 444526.6
0.8260 437454.6
0.8280 418879.8
0.8300 407525.0
0.8320 397063.5
0.8340 392003.5
0.8360 376017.9
0.8380 363987.5
0.8400 361526.2
0.8420 355254.6
0.8440 344835.4
0.8460 330652.4
0.8480 325983.6
0.8500 323975.3
0.8520 328690.2
0.8540 315065.5
0.8560 307575.5
0.8580 298909.5
0.8600 289400.5
0.8620 288985.6
0.8640 277389.8
0.8660 276014.5
0.8680 268766.3
0.8700 258314.9
0.8720 255115.1
0.8740 251556.8
0.8760 244543.2
0.8780 234949.4
0.8800 237507.4
0.8820 227666.9
0.8840 224439.9
0.8860 218294.4
0.8880 218721.1
0.8900 204321.4
0.8920 202515.2
0.8940 198448.5
0.8960 192446.2
0.8980 190386.0
0.9000 185456.7
0.9020 183615.2
0.9040 176970.3
0.9060 173825.6
0.9080 168119.2
0.9100 167414.4
0.9120 164635.5
0.9140 162967.8
0.9160 158763.6
0.9180 156316.0
0.9200 150553.7
0.9220 152001.1
0.9240 146522.5
0.9260 143762.4
0.9280 140581.8
0.9300 135101.8
0.9320 136031.0
0.9340 132065.7
0.9360 129968.5
0.9380 124464.1
0.9400 123254.5
0.9420 121331.9
0.9440 119227.2
0.9460 114213.4
0.9480 113310.1
0.9500 110001.8
0.9520 108736.0
0.9540 106483.7
0.9560 104844.3
0.9580 103109.0
0.9600 100604.7
0.9620 99508.9
0.9640 96213.5
0.9660 97495.8
0.9680 94476.9
0.9700 93590.3
0.9720 92909.8
0.9740 90393.5
0.9760 89002.5
0.9780 86046.1
0.9800 87386.2
0.9820 83440.9
0.9840 81338.4
0.9860 80279.6
0.9880 79698.4
0.9900 77357.7
0.9920 75407.5
0.9940 73766.0
0.9960 73444.7
0.9980 71027.6
1.0000 68397.6
1.0020 67199.1
1.0040 65435.4
1.0060 65112.1
1.0080 62920.2
1.0100 60973.0
1.0120 60533.2
1.0140 58575.2
1.0160 57597.0
1.0180 57024.9
1.0200 56736.6
1.0220 56043.9
1.0240 53697.3
1.0260 53477.3
1.0280 54071.9
1.0300 53014.1
1.0320 52743.7
1.0340 50076.7
1.0360 50959.9
1.0380 49724.3
1.0400 50224.7
1.0420 49416.3
1.0440 47950.9
1.0460 47478.2
1.0480 46195.2
1.0500 45882.6
1.0520 43489.0
1.0540 43908.7
1.0560 41889.9
1.0580 42683.7
1.0600 38821.7
1.0620 39917.9
1.0640 38512.2
1.0660 37003.5
1.0680 36871.4
1.0700 35844.3
1.0720 33394.6
1.0740 33860.5
1.0760 33718.7
1.0780 32143.9
1.0800 31076.5
1.0820 30848.0
1.0840 30565.8
1.0860 30643.5
1.0880 29735.2
1.0900 28676.2
1.0920 29616.3
1.0940 28733.9
1.0960 28101.3
1.0980 28852.8
1.1000 29147.0
1.1020 28166.0
1.1040 28309.6
1.1060 26954.3
1.1080 27536.1
1.1100 27139.1
1.1120 26252.8
1.1140 26314.1
1.1160 26058.9
1.1180 25321.7
1.1200 24636.9
1.1220 23627.1
1.1240 23551.9
1.1260 23304.6
1.1280 21725.9
1.1300 21463.6
1.1320 20967.8
1.1340 19907.1
1.1360 19623.2
1.1380 18546.5
1.1400 17647.2
1.1420 17837.7
1.1440 17373.1
1.1460 16473.0
1.1480 16612.2
1.1500 16044.3
1.1520 15216.9
1.1540 15820.2
1.1560 15199.5
1.1580 15131.7
1.1600 15302.7
1.1620 15708.5
1.1640 15029.1
1.1660 15269.3
1.1680 15260.9
1.1700 14642.3
1.1720 14855.7
1.1740 15026.9
1.1760 15562.2
1.1780 15278.6
1.1800 14007.5
1.1820 14667.6
1.1840 14444.9
1.1860 13699.3
1.1880 14513.1
1.1900 13039.3
1.1920 13185.2
1.1940 13073.0
1.1960 12337.3
1.1980 12107.4
1.2000 11074.8
1.2020 11347.2
1.2040 10622.9
1.2060 10307.3
1.2080 10035.4
1.2100 9338.5
1.2120 8481.0
1.2140 8761.3
1.2160 8286.4
1.2180 8168.0
1.2200 7863.0
1.2220 8175.6
1.2240 7490.8
1.2260 7913.5
1.2280 7778.1
1.2300 7422.5
1.2320 7583.6
1.2340 7185.8
1.2360 7753.1
1.2380 7905.0
1.2400 7117.8
1.2420 7828.9
1.2440 8295.0
1.2460 8210.4
1.2480 7575.3
1.2500 7964.3
1.2520 7498.5
1.2540 7710.5
1.2560 8184.8
1.2580 8261.1
1.2600 7515.4
1.2620 6999.8
1.2640 6889.8
1.2660 6999.3
1.2680 6965.8
1.2700 6467.7
1.2720 6543.3
1.2740 5539.8
1.2760 5505.9
1.2780 5320.5
1.2800 5295.0
1.2820 4983.5
1.2840 4361.0
1.2860 4310.6
1.2880 4050.2
1.2900 3705.6
1.2920 3663.6
1.2940 3646.8
1.2960 3697.2
1.2980 3521.1
1.3000 3378.2
1.3020 3504.1
1.3040 3479.0
1.3060 3470.5
1.3080 3361.6
1.3100 3605.0
1.3120 3781.2
1.3140 3605.0
1.3160 3798.0
1.3180 3731.0
1.3200 4066.8
1.3220 4033.1
1.3240 3739.1
1.3260 3907.2
1.3280 3991.3
1.3300 3974.4
1.3320 3856.9
1.3340 3739.4
1.3360 4016.4
1.3380 3638.6
1.3400 3949.2
1.3420 3848.4
1.3440 3697.4
1.3460 3344.5
1.3480 3235.7
1.3500 2933.7
1.3520 2917.0
1.3540 2690.6
1.3560 2556.6
1.3580 2506.4
1.3600 2096.1
1.3620 1970.6
1.3640 1920.4
1.3660 1928.8
1.3680 1753.1
1.3700 1443.8
1.3720 1652.8
1.3740 1527.4
1.3760 1427.1
1.3780 1243.3
1.3800 1443.8
1.3820 1410.4
1.3840 1326.8
1.3860 1276.7
1.3880 1460.5
1.3900 1443.8
1.3920 1351.9
1.3940 1728.1
1.3960 1535.7
1.3980 1861.9
1.4000 2004.1
1.4020 1686.2
1.4040 1569.2
1.4060 1811.7
1.4080 2029.2
1.4100 1978.9
1.4120 1577.5
1.4140 1945.5
1.4160 1820.1
1.4180 1686.2
1.4200 1836.8
1.4220 1728.0
1.4240 1761.5
1.4260 1569.1
1.4280 1594.3
1.4300 1343.5
1.4320 1335.1
1.4340 1385.3
1.4360 1042.8
1.4380 1109.6
1.4400 934.2
1.4420 758.9
1.4440 767.3
1.4460 700.5
1.4480 633.7
1.4500 667.1
1.4520 500.3
1.4540 542.0
1.4560 617.1
1.4580 508.6
1.4600 400.2
1.4620 466.9
1.4640 567.0
1.4660 784.0
1.4680 533.6
1.4700 717.2
1.4720 508.6
1.4740 650.4
1.4760 767.3
1.4780 892.5
1.4800 758.9
1.4820 875.8
1.4840 859.1
1.4860 1051.1
1.4880 967.6
1.4900 1176.4
1.4920 742.2
1.4940 917.5
1.4960 1084.5
1.4980 725.5
1.5000 1042.8
1.5020 850.7
1.5040 742.2
1.5060 809.0
1.5080 692.2
1.5100 600.4
1.5120 667.1
1.5140 800.7
1.5160 441.9
1.5180 508.6
1.5200 483.6
1.5220 375.1
1.5240 366.8
1.5260 350.1
1.5280 366.8
1.5300 241.7
1.5320 241.7
1.5340 141.7
1.5360 191.7
1.5380 208.4
1.5400 175.0
1.5420 133.4
1.5440 166.7
1.5460 266.7
1.5480 250.1
1.5500 250.1
1.5520 366.8
1.5540 316.8
1.5560 391.8
1.5580 300.1
1.5600 408.5
1.5620 350.1
1.5640 433.5
1.5660 441.9
1.5680 441.9
1.5700 450.2
1.5720 617.1
1.5740 475.2
1.5760 558.6
1.5780 491.9
1.5800 500.3
1.5820 433.5
1.5840 433.5
1.5860 433.5
1.5880 383.5
1.5900 366.8
1.5920 291.8
1.5940 383.5
1.5960 200.0
1.5980 241.7
1.6000 133.4
1.6020 200.0
1.6040 183.4
1.6060 175.0
1.6080 141.7
1.6100 116.7
1.6120 50.0
1.6140 100.0
1.6160 75.0
1.6180 100.0
1.6200 125.0
1.6220 66.7
1.6240 100.0
1.6260 83.3
1.6280 166.7
1.6300 100.0
1.6320 150.0
1.6340 208.4
1.6360 216.7
1.6380 108.3
1.6400 158.4
1.6420 200.0
1.6440 150.0
1.6460 241.7
1.6480 266.7
1.6500 158.4
1.6520 166.7
1.6540 291.8
1.6560 200.0
1.6580 191.7
1.6600 225.1
1.6620 200.0
1.6640 258.4
1.6660 225.1
1.6680 200.0
1.6700 158.4
1.6720 216.7
1.6740 216.7
1.6760 191.7
1.6780 258.4
1.6800 208.4
1.6820 150.0
1.6840 166.7
1.6860 158.4
1.6880 133.4
1.6900 125.0
1.6920 100.0
1.6940 75.0
1.6960 108.3
1.6980 100.0
1.7000 100.0
1.7020 100.0
1.7040 116.7
1.7060 83.3
1.7080 25.0
1.7100 133.4
1.7120 33.3
1.7140 50.0
1.7160 108.3
1.7180 116.7
1.7200 75.0
1.7220 141.7
1.7240 66.7
1.7260 91.7
1.7280 100.0
1.7300 125.0
1.7320 150.0
1.7340 158.4
1.7360 125.0
1.7380 150.0
1.7400 125.0
1.7420 75.0
1.7440 125.0
1.7460 83.3
1.7480 125.0
1.7500 166.7
1.7520 100.0
1.7540 108.3
1.7560 158.4
1.7580 75.0
1.7600 141.7
1.7620 133.4
1.7640 133.4
1.7660 108.3
1.7680 83.3
1.7700 66.7
1.7720 58.3
1.7740 125.0
1.7760 83.3
1.7780 58.3
1.7800 50.0
1.7820 75.0
1.7840 116.7
1.7860 108.3
1.7880 108.3
1.7900 66.7
1.7920 50.0
1.7940 83.3
1.7960 66.7
1.7980 116.7
1.8000 91.7
1.8020 100.0
1.8040 125.0
1.8060 66.7
1.8080 75.0
1.8100 166.7
1.8120 58.3
1.8140 125.0
1.8160 108.3
1.8180 50.0
1.8200 58.3
1.8220 58.3
1.8240 75.0
1.8260 133.4
1.8280 58.3
1.8300 141.7
1.8320 83.3
1.8340 91.7
1.8360 41.7
1.8380 133.4
1.8400 83.3
1.8420 66.7
1.8440 91.7
1.8460 108.3
1.8480 108.3
1.8500 58.3
1.8520 50.0
1.8540 100.0
1.8560 58.3
1.8580 66.7
1.8600 66.7
1.8620 91.7
1.8640 91.7
1.8660 66.7
1.8680 83.3
1.8700 108.3
1.8720 133.4
1.8740 116.7
1.8760 91.7
1.8780 116.7
1.8800 116.7
1.8820 133.4
1.8840 150.0
1.8860 91.7
1.8880 116.7
1.8900 116.7
1.8920 108.3
1.8940 125.0
1.8960 91.7
1.8980 75.0
1.9000 141.5
1.9020 115.7
1.9040 156.9
1.9060 120.8
1.9080 131.1
1.9100 120.8
1.9120 87.5
1.9140 69.4
1.9160 87.5
1.9180 87.5
1.9200 79.8
1.9220 110.6
1.9240 113.1
1.9260 92.6
1.9280 79.8
1.9300 69.4
1.9320 113.1
1.9340 79.8
1.9360 84.9
1.9380 77.1
1.9400 102.9
1.9420 95.2
1.9440 131.1
1.9460 123.4
1.9480 113.1
1.9500 118.3
1.9520 151.7
1.9540 146.6
1.9560 131.1
1.9580 154.3
1.9600 128.5
1.9620 131.1
1.9640 187.8
1.9660 151.7
1.9680 190.2
1.9700 162.0
1.9720 172.3
1.9740 154.3
1.9760 172.3
1.9780 205.8
1.9800 192.9
1.9820 180.1
1.9840 133.8
1.9860 126.1
1.9880 144.0
1.9900 123.4
1.9920 154.3
1.9940 105.4
1.9960 102.9
1.9980 82.2
2.0000 97.7
2.0020 97.7
2.0040 92.6
2.0060 74.5
2.0080 87.5
2.0100 59.1
2.0120 72.1
2.0140 84.9
2.0160 74.5
2.0180 72.1
2.0200 69.4
2.0220 90.0
2.0240 84.9
2.0260 43.7
2.0280 92.6
2.0300 110.6
2.0320 105.4
2.0340 146.6
2.0360 120.8
2.0380 110.6
2.0400 126.1
2.0420 131.1
2.0440 162.0
2.0460 156.9
2.0480 154.3
2.0500 164.6
2.0520 162.0
2.0540 187.8
2.0560 136.2
2.0580 162.0
2.0600 162.0
2.0620 205.8
2.0640 174.8
2.0660 169.7
2.0680 144.0
2.0700 138.9
2.0720 156.9
2.0740 138.9
2.0760 167.1
2.0780 110.6
2.0800 100.3
2.0820 72.1
2.0840 82.2
2.0860 118.3
2.0880 87.5
2.0900 66.8
2.0920 77.1
2.0940 66.8
2.0960 74.5
2.0980 59.1
2.1000 54.0
2.1020 41.2
2.1040 74.5
2.1060 51.4
2.1080 74.5
2.1100 51.4
2.1120 66.8
2.1140 61.7
2.1160 61.7
2.1180 82.2
2.1200 84.9
2.1220 59.1
2.1240 110.6
2.1260 102.9
2.1280 113.1
2.1300 149.2
2.1320 133.8
2.1340 136.2
2.1360 120.8
2.1380 131.1
2.1400 136.2
2.1420 149.2
2.1440 144.0
2.1460 141.5
2.1480 136.2
2.1500 90.0
2.1520 120.8
2.1540 133.8
2.1560 138.9
2.1580 90.0
2.1600 105.4
2.1620 115.7
2.1640 144.0
2.1660 118.3
2.1680 120.8
2.1700 95.2
2.1720 95.2
2.1740 95.2
2.1760 90.0
2.1780 79.8
2.1800 56.6
2.1820 69.4
2.1840 43.7
2.1860 51.4
2.1880 66.8
2.1900 56.6
2.1920 33.5
2.1940 51.4
2.1960 61.7
2.1980 54.0
2.2000 46.3
2.2020 38.6
2.2040 61.7
2.2060 77.1
2.2080 66.8
2.2100 51.4
2.2120 90.0
2.2140 66.8
2.2160 66.8
2.2180 97.7
2.2200 97.7
2.2220 123.4
2.2240 92.6
2.2260 87.5
2.2280 90.0
2.2300 120.8
2.2320 87.5
2.2340 120.8
2.2360 115.7
2.2380 126.1
2.2400 120.8
2.2420 131.1
2.2440 131.1
2.2460 97.7
2.2480 92.6
2.2500 113.1
2.2520 92.6
2.2540 115.7
2.2560 133.8
2.2580 108.0
2.2600 92.6
2.2620 95.2
2.2640 43.7
2.2660 54.0
2.2680 77.1
2.2700 66.8
2.2720 30.9
2.2740 61.7
2.2760 59.1
2.2780 43.7
2.2800 48.9
2.2820 72.1
2.2840 54.0
2.2860 43.7
2.2880 74.5
2.2900 54.0
2.2920 59.1
2.2940 59.1
2.2960 66.8
2.2980 36.0
2.3000 54.0
2.3020 79.8
2.3040 77.1
2.3060 74.5
2.3080 92.6
2.3100 82.2
2.3120 82.2
2.3140 69.4
2.3160 64.3
2.3180 79.8
2.3200 95.2
2.3220 100.3
2.3240 100.3
2.3260 92.6
2.3280 113.1
2.3300 105.4
2.3320 110.6
2.3340 100.3
2.3360 102.9
2.3380 90.0
2.3400 84.9
2.3420 100.3
2.3440 108.0
2.3460 59.1
2.3480 59.1
2.3500 46.3
2.3520 84.9
2.3540 72.1
2.3560 64.3
2.3580 46.3
2.3600 51.4
2.3620 77.1
2.3640 43.7
2.3660 38.6
2.3680 28.2
2.3700 46.3
2.3720 56.6
2.3740 43.7
2.3760 51.4
2.3780 56.6
2.3800 48.9
2.3820 59.1
2.3840 28.2
2.3860 54.0
2.3880 56.6
2.3900 54.0
2.3920 84.9
2.3940 51.4
2.3960 46.3
2.3980 56.6
2.4000 74.5
2.4020 43.7
2.4040 79.8
2.4060 72.1
2.4080 74.5
2.4100 46.3
2.4120 79.8
2.4140 92.6
2.4160 66.8
2.4180 90.0
2.4200 66.8
2.4220 102.9
2.4240 87.5
2.4260 69.4
2.4280 82.2
2.4300 87.5
2.4320 54.0
2.4340 69.4
2.4360 48.9
2.4380 54.0
2.4400 54.0
2.4420 56.6
2.4440 95.2
2.4460 36.0
2.4480 61.7
2.4500 46.3
2.4520 54.0
2.4540 59.1
2.4560 64.3
2.4580 33.5
2.4600 51.4
2.4620 46.3
2.4640 25.8
2.4660 43.7
2.4680 33.5
2.4700 41.2
2.4720 38.6
2.4740 61.7
2.4760 36.0
2.4780 33.5
2.4800 59.1
2.4820 69.4
2.4840 54.0
2.4860 48.9
2.4880 66.8
2.4900 66.8
2.4920 64.3
2.4940 56.6
2.4960 72.1
2.4980 51.4
2.5000 77.1
2.5020 72.1
2.5040 61.7
2.5060 69.4
2.5080 56.6
2.5100 56.6
2.5120 64.3
2.5140 64.3
2.5160 77.1
2.5180 69.4
2.5200 64.3
2.5220 51.4
2.5240 46.3
2.5260 77.1
2.5280 48.9
2.5300 59.1
2.5320 56.6
2.5340 56.6
2.5360 51.4
2.5380 59.1
2.5400 54.0
2.5420 46.3
2.5440 43.7
2.5460 43.7
2.5480 46.3
2.5500 54.0
2.5520 51.4
2.5540 82.2
2.5560 48.9
2.5580 46.3
2.5600 30.9
2.5620 46.3
2.5640 43.7
2.5660 20.5
2.5680 25.8
2.5700 59.1
2.5720 59.1
2.5740 46.3
2.5760 46.3
2.5780 59.1
2.5800 46.3
2.5820 54.0
2.5840 61.7
2.5860 59.1
2.5880 84.9
2.5900 61.7
2.5920 72.1
2.5940 64.3
2.5960 56.6
2.5980 64.3
2.6000 74.5
2.6020 82.2
2.6040 61.7
2.6060 66.8
2.6080 61.7
2.6100 64.3
2.6120 54.0
2.6140 56.6
2.6160 41.2
2.6180 66.8
2.6200 41.2
2.6220 54.0
2.6240 61.7
2.6260 36.0
2.6280 51.4
2.6300 43.7
2.6320 56.6
2.6340 41.2
2.6360 28.2
2.6380 43.7
2.6400 46.3
2.6420 69.4
2.6440 36.0
2.6460 46.3
2.6480 43.7
2.6500 33.5
2.6520 28.2
2.6540 36.0
2.6560 54.0
2.6580 46.3
2.6600 36.0
2.6620 56.6
2.6640 41.2
2.6660 51.4
2.6680 33.5
2.6700 48.9
2.6720 46.3
2.6740 43.7
2.6760 48.9
2.6780 41.2
2.6800 51.4
2.6820 38.6
2.6840 43.7
2.6860 54.0
2.6880 61.7
2.6900 59.1
2.6920 61.7
2.6940 54.0
2.6960 61.7
2.6980 46.3
2.7000 61.7
2.7020 38.6
2.7040 59.1
2.7060 38.6
2.7080 41.2
2.7100 51.4
2.7120 43.7
2.7140 54.0
2.7160 41.2
2.7180 33.5
2.7200 48.9
2.7220 25.8
2.7240 64.3
2.7260 56.6
2.7280 33.5
2.7300 36.0
2.7320 33.5
2.7340 20.5
2.7360 66.8
2.7380 36.0
2.7400 28.2
2.7420 51.4
2.7440 56.6
2.7460 43.7
2.7480 46.3
2.7500 33.5
2.7520 48.9
2.7540 46.3
2.7560 30.9
2.7580 41.2
2.7600 48.9
2.7620 41.2
2.7640 41.2
2.7660 23.1
2.7680 43.7
2.7700 54.0
2.7720 54.0
2.7740 30.9
2.7760 46.3
2.7780 41.2
2.7800 48.9
2.7820 33.5
2.7840 59.1
2.7860 54.0
2.7880 56.6
2.7900 48.9
2.7920 43.7
2.7940 56.6
2.7960 46.3
2.7980 51.4
2.8000 43.7
2.8020 64.3
2.8040 38.6
2.8060 46.3
2.8080 30.9
2.8100 30.9
2.8120 30.9
2.8140 56.6
2.8160 23.1
2.8180 33.5
2.8200 41.2
2.8220 41.2
2.8240 33.5
2.8260 38.6
2.8280 54.0
2.8300 61.7
2.8320 33.5
2.8340 56.6
2.8360 30.9
2.8380 30.9
2.8400 23.1
2.8420 30.9
2.8440 36.0
2.8460 72.1
2.8480 77.1
2.8500 36.0
2.8520 54.0
2.8540 59.1
2.8560 41.2
2.8580 23.1
2.8600 43.7
2.8620 56.6
2.8640 51.4
2.8660 54.0
2.8680 46.3
2.8700 41.2
2.8720 59.1
2.8740 74.5
2.8760 38.6
2.8780 33.5
2.8800 61.7
2.8820 48.9
2.8840 36.0
2.8860 36.0
2.8880 66.8
2.8900 41.2
2.8920 41.2
2.8940 28.2
2.8960 41.2
2.8980 33.5
2.9000 51.4
2.9020 41.2
2.9040 36.0
2.9060 43.7
2.9080 41.2
2.9100 46.3
2.9120 41.2
2.9140 51.4
2.9160 41.2
2.9180 43.7
2.9200 48.9
2.9220 28.2
2.9240 30.9
2.9260 41.2
2.9280 36.0
2.9300 43.7
2.9320 43.7
2.9340 30.9
2.9360 46.3
2.9380 30.9
2.9400 74.5
2.9420 46.3
2.9440 38.6
2.9460 25.8
2.9480 30.9
2.9500 38.6
2.9520 23.1
2.9540 61.7
2.9560 38.6
2.9580 56.6
2.9600 25.8
2.9620 30.9
2.9640 38.6
2.9660 38.6
2.9680 54.0
2.9700 41.2
2.9720 43.7
2.9740 46.3
2.9760 43.7
2.9780 36.0
2.9800 59.1
2.9820 33.5
2.9840 33.5
2.9860 54.0
2.9880 43.7
2.9900 59.1
2.9920 61.7
2.9940 36.0
2.9960 41.2
2.9980 25.8
3.0000 33.5
3.0020 48.9
3.0040 33.5
3.0060 51.4
3.0080 36.0
3.0100 54.0
3.0120 33.5
3.0140 72.1
3.0160 41.2
3.0180 30.9
3.0200 43.7
3.0220 33.5
3.0240 43.7
3.0260 69.4
3.0280 43.7
3.0300 25.8
3.0320 30.9
3.0340 43.7
3.0360 51.4
3.0380 33.5
3.0400 41.2
3.0420 43.7
3.0440 48.9
3.0460 48.9
3.0480 33.5
3.0500 30.9
3.0520 46.3
3.0540 33.5
3.0560 46.3
3.0580 38.6
3.0600 41.2
3.0620 28.2
3.0640 61.7
3.0660 30.9
3.0680 28.2
3.0700 23.1
3.0720 43.7
3.0740 23.1
3.0760 30.9
3.0780 43.7
3.0800 59.1
3.0820 46.3
3.0840 36.0
3.0860 43.7
3.0880 51.4
3.0900 59.1
3.0920 33.5
3.0940 30.9
3.0960 38.6
3.0980 43.7
3.1000 43.7
3.1020 48.9
3.1040 38.6
3.1060 43.7
3.1080 38.6
3.1100 25.8
3.1120 43.7
3.1140 46.3
3.1160 41.2
3.1180 56.6
3.1200 46.3
3.1220 28.2
3.1240 41.2
3.1260 54.0
3.1280 56.6
3.1300 28.2
3.1320 48.9
3.1340 46.3
3.1360 43.7
3.1380 33.5
3.1400 23.1
3.1420 41.2
3.1440 38.6
3.1460 43.7
3.1480 36.0
3.1500 25.8
3.1520 48.9
3.1540 36.0
3.1560 43.7
3.1580 23.1
3.1600 48.9
3.1620 46.3
3.1640 36.0
3.1660 23.1
3.1680 41.2
3.1700 51.4
3.1720 54.0
3.1740 46.3
3.1760 38.6
3.1780 43.7
3.1800 46.3
3.1820 43.7
3.1840 30.9
3.1860 36.0
3.1880 33.5
3.1900 36.0
3.1920 33.5
3.1940 30.9
3.1960 30.9
3.1980 36.0
3.2000 38.6
3.2020 33.5
3.2040 30.9
3.2060 43.7
3.2080 56.6
3.2100 46.3
3.2120 30.9
3.2140 56.6
3.2160 25.8
3.2180 41.2
3.2200 43.7
3.2220 43.7
3.2240 36.0
3.2260 43.7
3.2280 33.5
3.2300 48.9
3.2320 30.9
3.2340 28.2
3.2360 20.5
3.2380 41.2
3.2400 41.2
3.2420 28.2
3.2440 30.9
3.2460 33.5
3.2480 66.8
3.2500 41.2
3.2520 41.2
3.2540 25.8
3.2560 33.5
3.2580 30.9
3.2600 33.5
3.2620 48.9
3.2640 46.3
3.2660 43.7
3.2680 59.1
3.2700 20.5
3.2720 28.2
3.2740 38.6
3.2760 51.4
3.2780 36.0
3.2800 36.0
3.2820 38.6
3.2840 33.5
3.2860 20.5
3.2880 23.1
3.2900 25.8
3.2920 41.2
3.2940 25.8
3.2960 43.7
3.2980 20.5
3.3000 25.8
3.3020 36.0
3.3040 51.4
3.3060 30.9
3.3080 23.1
3.3100 41.2
3.3120 18.1
3.3140 36.0
3.3160 38.6
3.3180 54.0
3.3200 33.5
3.3220 38.6
3.3240 41.2
3.3260 48.9
3.3280 28.2
3.3300 38.6
3.3320 23.1
3.3340 41.2
3.3360 59.1
3.3380 48.9
3.3400 33.5
3.3420 36.0
3.3440 36.0
3.3460 41.2
3.3480 51.4
3.3500 25.8
3.3520 12.8
3.3540 38.6
3.3560 33.5
3.3580 36.0
3.3600 48.9
3.3620 48.9
3.3640 36.0
3.3660 30.9
3.3680 30.9
3.3700 41.2
3.3720 25.8
3.3740 23.1
3.3760 54.0
3.3780 33.5
3.3800 36.0
3.3820 36.0
3.3840 41.2
3.3860 25.8
3.3880 41.2
3.3900 28.2
3.3920 33.5
3.3940 48.9
3.3960 48.9
3.3980 33.5
3.4000 38.6
3.4020 56.6
3.4040 25.8
3.4060 28.2
3.4080 36.0
3.4100 33.5
3.4120 36.0
3.4140 41.2
3.4160 41.2
3.4180 56.6
3.4200 48.9
3.4220 38.6
3.4240 33.5
3.4260 30.9
3.4280 23.1
3.4300 30.9
3.4320 41.2
3.4340 41.2
3.4360 41.2
3.4380 28.2
3.4400 23.1
3.4420 30.9
3.4440 41.2
3.4460 30.9
3.4480 33.5
3.4500 28.2
3.4520 43.7
3.4540 48.9
3.4560 33.5
3.4580 41.2
3.4600 33.5
3.4620 38.6
3.4640 41.2
3.4660 38.6
3.4680 36.0
3.4700 30.9
3.4720 36.0
3.4740 30.9
3.4760 43.7
3.4780 18.1
3.4800 33.5
3.4820 41.2
3.4840 43.7
3.4860 23.1
3.4880 38.6
3.4900 30.9
3.4920 33.5
3.4940 20.5
3.4960 61.7
3.4980 33.5
3.5000 23.1
3.5020 38.6
3.5040 48.9
3.5060 23.1
3.5080 36.0
3.5100 56.6
3.5120 41.2
3.5140 38.6
3.5160 54.0
3.5180 33.5
3.5200 41.2
3.5220 48.9
3.5240 33.5
3.5260 54.0
3.5280 51.4
3.5300 28.2
3.5320 20.5
3.5340 36.0
3.5360 41.2
3.5380 36.0
3.5400 38.6
3.5420 33.5
3.5440 43.7
3.5460 41.2
3.5480 28.2
3.5500 36.0
3.5520 41.2
3.5540 46.3
3.5560 38.6
3.5580 36.0
3.5600 18.1
3.5620 38.6
3.5640 36.0
3.5660 20.5
3.5680 23.1
3.5700 48.9
3.5720 48.9
3.5740 36.0
3.5760 41.2
3.5780 38.6
3.5800 25.8
3.5820 28.2
3.5840 54.0
3.5860 25.8
3.5880 41.2
3.5900 23.1
3.5920 25.8
3.5940 30.9
3.5960 33.5
3.5980 36.0
3.6000 41.2
3.6020 23.1
3.6040 36.0
3.6060 41.2
3.6080 30.9
3.6100 33.5
3.6120 7.7
3.6140 23.1
3.6160 41.2
3.6180 56.6
3.6200 33.5
3.6220 20.5
3.6240 38.6
3.6260 36.0
3.6280 25.8
3.6300 46.3
3.6320 28.2
3.6340 51.4
3.6360 15.4
3.6380 15.4
3.6400 36.0
3.6420 30.9
3.6440 25.8
3.6460 48.9
3.6480 38.6
3.6500 33.5
3.6520 30.9
3.6540 33.5
3.6560 36.0
3.6580 25.8
3.6600 33.5
3.6620 33.5
3.6640 33.5
3.6660 43.7
3.6680 20.5
3.6700 51.4
3.6720 41.2
3.6740 30.9
3.6760 33.5
3.6780 38.6
3.6800 36.0
3.6820 41.2
3.6840 23.1
3.6860 28.2
3.6880 38.6
3.6900 38.6
3.6920 43.7
3.6940 28.2
3.6960 54.0
3.6980 41.2
3.7000 33.5
3.7020 20.5
3.7040 23.1
3.7060 51.4
3.7080 15.4
3.7100 30.9
3.7120 36.0
3.7140 28.2
3.7160 28.2
3.7180 33.5
3.7200 30.9
3.7220 25.8
3.7240 15.4
3.7260 28.2
3.7280 28.2
3.7300 56.6
3.7320 41.2
3.7340 28.2
3.7360 33.5
3.7380 38.6
3.7400 15.4
3.7420 38.6
3.7440 43.7
3.7460 30.9
3.7480 18.1
3.7500 23.1
3.7520 28.2
3.7540 41.2
3.7560 33.5
3.7580 38.6
3.7600 28.2
3.7620 25.8
3.7640 18.1
3.7660 33.5
3.7680 46.3
3.7700 28.2
3.7720 15.4
3.7740 38.6
3.7760 43.7
3.7780 25.8
3.7800 33.5
3.7820 38.6
3.7840 38.6
3.7860 20.5
3.7880 36.0
3.7900 38.6
3.7920 48.9
3.7940 33.5
3.7960 25.8
3.7980 38.6
3.8000 28.2
3.8020 38.6
3.8040 33.5
3.8060 18.1
3.8080 56.6
3.8100 38.6
3.8120 33.5
3.8140 36.0
3.8160 23.1
3.8180 30.9
3.8200 23.1
3.8220 43.7
3.8240 33.5
3.8260 43.7
3.8280 38.6
3.8300 30.9
3.8320 23.1
3.8340 54.0
3.8360 25.8
3.8380 36.0
3.8400 30.9
3.8420 41.2
3.8440 28.2
3.8460 20.5
3.8480 43.7
3.8500 23.1
3.8520 41.2
3.8540 36.0
3.8560 30.9
3.8580 18.1
3.8600 36.0
3.8620 46.3
3.8640 43.7
3.8660 30.9
3.8680 33.5
3.8700 20.5
3.8720 38.6
3.8740 48.9
3.8760 33.5
3.8780 20.5
3.8800 30.9
3.8820 23.1
3.8840 48.9
3.8860 33.5
3.8880 23.1
3.8900 33.5
3.8920 43.7
3.8940 36.0
3.8960 48.9
3.8980 28.2
3.9000 41.2
3.9020 28.2
3.9040 20.5
3.9060 41.2
3.9080 28.2
3.9100 25.8
3.9120 38.6
3.9140 30.9
3.9160 33.5
3.9180 25.8
3.9200 7.7
3.9220 25.8
3.9240 18.1
3.9260 33.5
3.9280 33.5
3.9300 28.2
3.9320 30.9
3.9340 33.5
3.9360 25.8
3.9380 54.0
3.9400 38.6
3.9420 23.1
3.9440 30.9
3.9460 20.5
3.9480 25.8
3.9500 28.2
3.9520 38.6
3.9540 25.8
3.9560 28.2
3.9580 28.2
3.9600 41.2
3.9620 28.2
3.9640 33.5
3.9660 28.2
3.9680 41.2
3.9700 33.5
3.9720 33.5
3.9740 20.5
3.9760 33.5
3.9780 33.5
3.9800 15.4
3.9820 30.9
3.9840 30.9
3.9860 36.0
3.9880 28.2
3.9900 28.2
3.9920 23.1
3.9940 33.5
3.9960 41.2
3.9980 23.1
4.0000 43.7
4.0020 20.5
4.0040 15.4
4.0060 25.8
4.0080 23.1
4.0100 25.8
4.0120 28.2
4.0140 28.2
4.0160 18.1
4.0180 46.3
4.0200 18.1
4.0220 23.1
4.0240 18.1
4.0260 28.2
4.0280 33.5
4.0300 25.8
4.0320 28.2
4.0340 48.9
4.0360 15.4
4.0380 33.5
4.0400 28.2
4.0420 43.7
4.0440 33.5
4.0460 30.9
4.0480 38.6
4.0500 18.1
4.0520 28.2
4.0540 30.9
4.0560 20.5
4.0580 5.1
4.0600 28.2
4.0620 33.5
4.0640 38.6
4.0660 33.5
4.0680 23.1
4.0700 15.4
4.0720 28.2
4.0740 23.1
4.0760 28.2
4.0780 41.2
4.0800 25.8
4.0820 30.9
4.0840 36.0
4.0860 28.2
4.0880 28.2
4.0900 28.2
4.0920 43.7
4.0940 30.9
4.0960 18.1
4.0980 36.0
4.1000 25.8
4.1020 46.3
4.1040 43.7
4.1060 28.2
4.1080 25.8
4.1100 33.5
4.1120 36.0
4.1140 43.7
4.1160 28.2
4.1180 41.2
4.1200 28.2
4.1220 43.7
4.1240 36.0
4.1260 43.7
4.1280 20.5
4.1300 15.4
4.1320 18.1
4.1340 25.8
4.1360 20.5
4.1380 28.2
4.1400 41.2
4.1420 48.9
4.1440 51.4
4.1460 20.5
4.1480 38.6
4.1500 46.3
4.1520 33.5
4.1540 25.8
4.1560 25.8
4.1580 20.5
4.1600 20.5
4.1620 38.6
4.1640 28.2
4.1660 36.0
4.1680 28.2
4.1700 30.9
4.1720 18.1
4.1740 36.0
4.1760 41.2
4.1780 30.9
4.1800 36.0
4.1820 33.5
4.1840 36.0
4.1860 33.5
4.1880 28.2
4.1900 36.0
4.1920 51.4
4.1940 20.5
4.1960 36.0
4.1980 43.7
4.2000 33.5
4.2020 38.6
4.2040 28.2
4.2060 23.1
4.2080 28.2
4.2100 30.9
4.2120 25.8
4.2140 43.7
4.2160 15.4
4.2180 25.8
4.2200 20.5
4.2220 38.6
4.2240 23.1
4.2260 20.5
4.2280 38.6
4.2300 23.1
4.2320 20.5
4.2340 30.9
4.2360 23.1
4.2380 28.2
4.2400 25.8
4.2420 30.9
4.2440 15.4
4.2460 15.4
4.2480 38.6
4.2500 25.8
4.2520 33.5
4.2540 18.1
4.2560 23.1
4.2580 25.8
4.2600 43.7
4.2620 12.8
4.2640 23.1
4.2660 41.2
4.2680 41.2
4.2700 36.0
4.2720 33.5
4.2740 38.6
4.2760 43.7
4.2780 43.7
4.2800 33.5
4.2820 15.4
4.2840 28.2
4.2860 20.5
4.2880 25.8
4.2900 30.9
4.2920 28.2
4.2940 33.5
4.2960 28.2
4.2980 18.1
4.3000 38.6
4.3020 15.4
4.3040 23.1
4.3060 25.8
4.3080 25.8
4.3100 30.9
4.3120 33.5
4.3140 23.1
4.3160 18.1
4.3180 36.0
4.3200 12.8
4.3220 23.1
4.3240 30.9
4.3260 25.8
4.3280 18.1
4.3300 23.1
4.3320 20.5
4.3340 28.2
4.3360 36.0
4.3380 28.2
4.3400 20.5
4.3420 33.5
4.3440 30.9
4.3460 23.1
4.3480 33.5
4.3500 25.8
4.3520 28.2
4.3540 25.8
4.3560 23.1
4.3580 28.2
4.3600 18.1
4.3620 20.5
4.3640 30.9
4.3660 28.2
4.3680 36.0
4.3700 23.1
4.3720 20.5
4.3740 30.9
4.3760 15.4
4.3780 25.8
4.3800 30.9
4.3820 28.2
4.3840 20.5
4.3860 30.9
4.3880 7.7
4.3900 15.4
4.3920 30.9
4.3940 23.1
4.3960 43.7
4.3980 12.8
4.4000 30.9
4.4020 20.5
4.4040 33.5
4.4060 15.4
4.4080 20.5
4.4100 25.8
4.4120 48.9
4.4140 15.4
4.4160 15.4
4.4180 23.1
4.4200 23.1
4.4220 43.7
4.4240 43.7
4.4260 25.8
4.4280 25.8
4.4300 30.9
4.4320 23.1
4.4340 28.2
4.4360 12.8
4.4380 28.2
4.4400 36.0
4.4420 30.9
4.4440 20.5
4.4460 36.0
4.4480 5.1
4.4500 12.8
4.4520 33.5
4.4540 41.2
4.4560 7.7
4.4580 23.1
4.4600 30.9
4.4620 30.9
4.4640 33.5
4.4660 33.5
4.4680 20.5
4.4700 23.1
4.4720 25.8
4.4740 12.8
4.4760 18.1
4.4780 30.9
4.4800 30.9
4.4820 12.8
4.4840 25.8
4.4860 18.1
4.4880 20.5
4.4900 23.1
4.4920 20.5
4.4940 23.1
4.4960 28.2
4.4980 18.1
4.5000 20.5
4.5020 18.1
4.5040 23.1
4.5060 25.8
4.5080 36.0
4.5100 41.2
4.5120 38.6
4.5140 15.4
4.5160 23.1
4.5180 15.4
4.5200 20.5
4.5220 18.1
4.5240 25.8
4.5260 18.1
4.5280 18.1
4.5300 25.8
4.5320 41.2
4.5340 33.5
4.5360 20.5
4.5380 30.9
4.5400 28.2
4.5420 20.5
4.5440 18.1
4.5460 25.8
4.5480 18.1
4.5500 23.1
4.5520 25.8
4.5540 23.1
4.5560 30.9
4.5580 23.1
4.5600 10.3
4.5620 25.8
4.5640 38.6
4.5660 23.1
4.5680 28.2
4.5700 15.4
4.5720 33.5
4.5740 30.9
4.5760 7.7
4.5780 25.8
4.5800 23.1
4.5820 23.1
4.5840 38.6
4.5860 12.8
4.5880 20.5
4.5900 23.1
4.5920 28.2
4.5940 18.1
4.5960 20.5
4.5980 33.5
4.6000 15.4
4.6020 18.1
4.6040 15.4
4.6060 15.4
4.6080 23.1
4.6100 23.1
4.6120 20.5
4.6140 28.2
4.6160 25.8
4.6180 18.1
4.6200 30.9
4.6220 18.1
4.6240 23.1
4.6260 30.9
4.6280 36.0
4.6300 23.1
4.6320 33.5
4.6340 28.2
4.6360 15.4
4.6380 20.5
4.6400 43.7
4.6420 20.5
4.6440 33.5
4.6460 36.0
4.6480 20.5
4.6500 30.9
4.6520 20.5
4.6540 46.3
4.6560 20.5
4.6580 30.9
4.6600 28.2
4.6620 15.4
4.6640 23.1
4.6660 25.8
4.6680 12.8
4.6700 36.0
4.6720 23.1
4.6740 20.5
4.6760 18.1
4.6780 23.1
4.6800 20.5
4.6820 25.8
4.6840 28.2
4.6860 41.2
4.6880 38.6
4.6900 41.2
4.6920 10.3
4.6940 18.1
4.6960 25.8
4.6980 23.1
4.7000 10.3
4.7020 41.2
4.7040 12.8
4.7060 18.1
4.7080 18.1
4.7100 18.1
4.7120 30.9
4.7140 25.8
4.7160 20.5
4.7180 10.3
4.7200 41.2
4.7220 23.1
4.7240 23.1
4.7260 30.9
4.7280 23.1
4.7300 36.0
4.7320 38.6
4.7340 30.9
4.7360 25.8
4.7380 15.4
4.7400 23.1
4.7420 15.4
4.7440 23.1
4.7460 23.1
4.7480 12.8
4.7500 18.1
4.7520 15.4
4.7540 33.5
4.7560 18.1
4.7580 25.8
4.7600 15.4
4.7620 28.2
4.7640 12.8
4.7660 23.1
4.7680 18.1
4.7700 25.8
4.7720 25.8
4.7740 20.5
4.7760 12.8
4.7780 15.4
4.7800 12.8
4.7820 30.9
4.7840 23.1
4.7860 30.9
4.7880 25.8
4.7900 33.5
4.7920 30.9
4.7940 18.1
4.7960 25.8
4.7980 20.5
4.8000 25.8
4.8020 33.5
4.8040 43.7
4.8060 10.3
4.8080 18.1
4.8100 12.8
4.8120 20.5
4.8140 15.4
4.8160 15.4
4.8180 33.5
4.8200 38.6
4.8220 20.5
4.8240 25.8
4.8260 30.9
4.8280 25.8
4.8300 23.1
4.8320 33.5
4.8340 23.1
4.8360 41.2
4.8380 30.9
4.8400 20.5
4.8420 23.1
4.8440 18.1
4.8460 36.0
4.8480 23.1
4.8500 15.4
4.8520 23.1
4.8540 43.7
4.8560 28.2
4.8580 18.1
4.8600 28.2
4.8620 20.5
4.8640 20.5
4.8660 25.8
4.8680 28.2
4.8700 12.8
4.8720 7.7
4.8740 33.5
4.8760 23.1
4.8780 15.4
4.8800 46.3
4.8820 12.8
4.8840 15.4
4.8860 18.1
4.8880 25.8
4.8900 25.8
4.8920 36.0
4.8940 25.8
4.8960 25.8
4.8980 23.1
4.9000 10.3
4.9020 23.1
4.9040 15.4
4.9060 23.1
4.9080 10.3
4.9100 23.1
4.9120 30.9
4.9140 18.1
4.9160 30.9
4.9180 18.1
4.9200 23.1
4.9220 30.9
4.9240 20.5
4.9260 25.8
4.9280 12.8
4.9300 28.2
4.9320 15.4
4.9340 28.2
4.9360 18.1
4.9380 28.2
4.9400 30.9
4.9420 23.1
4.9440 25.8
4.9460 20.5
4.9480 20.5
4.9500 25.8
4.9520 20.5
4.9540 20.5
4.9560 41.2
4.9580 15.4
4.9600 25.8
4.9620 25.8
4.9640 18.1
4.9660 20.5
4.9680 12.8
4.9700 30.9
4.9720 20.5
4.9740 15.4
4.9760 25.8
4.9780 25.8
4.9800 25.8
4.9820 20.5
4.9840 15.4
4.9860 23.1
4.9880 25.8
4.9900 30.9
4.9920 23.1
4.9940 23.1
4.9960 15.4
4.9980 23.1
5.0000 15.4
5.0020 23.1
5.0040 36.0
5.0060 15.4
5.0080 20.5
5.0100 30.9
5.0120 28.2
5.0140 10.3
5.0160 18.1
5.0180 15.4
5.0200 12.8
5.0220 30.9
5.0240 25.8
5.0260 18.1
5.0280 23.1
5.0300 23.1
5.0320 36.0
5.0340 20.5
5.0360 28.2
5.0380 23.1
5.0400 15.4
5.0420 18.1
5.0440 28.2
5.0460 23.1
5.0480 12.8
5.0500 28.2
5.0520 28.2
5.0540 15.4
5.0560 43.7
5.0580 7.7
5.0600 36.0
5.0620 25.8
5.0640 28.2
5.0660 20.5
5.0680 12.8
5.0700 30.9
5.0720 20.5
5.0740 30.9
5.0760 7.7
5.0780 18.1
5.0800 7.7
5.0820 7.7
5.0840 30.9
5.0860 20.5
5.0880 15.4
5.0900 15.4
5.0920 18.1
5.0940 12.8
5.0960 15.4
5.0980 20.5
5.1000 18.1
5.1020 20.5
5.1040 25.8
5.1060 25.8
5.1080 20.5
5.1100 25.8
5.1120 18.1
5.1140 15.4
5.1160 18.1
5.1180 25.8
5.1200 7.7
5.1220 20.5
5.1240 18.1
5.1260 18.1
5.1280 28.2
5.1300 18.1
5.1320 25.8
5.1340 28.2
5.1360 20.5
5.1380 30.9
5.1400 20.5
5.1420 23.1
5.1440 18.1
5.1460 10.3
5.1480 30.9
5.1500 20.5
5.1520 10.3
5.1540 23.1
5.1560 23.1
5.1580 15.4
5.1600 28.2
5.1620 10.3
5.1640 18.1
5.1660 25.8
5.1680 36.0
5.1700 25.8
5.1720 10.3
5.1740 30.9
5.1760 18.1
5.1780 30.9
5.1800 33.5
5.1820 23.1
5.1840 20.5
5.1860 15.4
5.1880 30.9
5.1900 20.5
5.1920 18.1
5.1940 15.4
5.1960 28.2
5.1980 15.4
5.2000 20.5
5.2020 15.4
5.2040 23.1
5.2060 25.8
5.2080 10.3
5.2100 20.5
5.2120 15.4
5.2140 20.5
5.2160 7.7
5.2180 28.2
5.2200 20.5
5.2220 20.5
5.2240 15.4
5.2260 20.5
5.2280 20.5
5.2300 10.3
5.2320 43.7
5.2340 25.8
5.2360 20.5
5.2380 25.8
5.2400 23.1
5.2420 28.2
5.2440 15.4
5.2460 15.4
5.2480 7.7
5.2500 12.8
5.2520 28.2
5.2540 23.1
5.2560 25.8
5.2580 12.8
5.2600 23.1
5.2620 23.1
5.2640 18.1
5.2660 20.5
5.2680 15.4
5.2700 25.8
5.2720 30.9
5.2740 23.1
5.2760 20.5
5.2780 28.2
5.2800 15.4
5.2820 18.1
5.2840 18.1
5.2860 18.1
5.2880 18.1
5.2900 20.5
5.2920 36.0
5.2940 25.8
5.2960 10.3
5.2980 33.5
5.3000 20.5
5.3020 12.8
5.3040 18.1
5.3060 18.1
5.3080 12.8
5.3100 23.1
5.3120 10.3
5.3140 15.4
5.3160 20.5
5.3180 20.5
5.3200 20.5
5.3220 23.1
5.3240 10.3
5.3260 10.3
5.3280 28.2
5.3300 23.1
5.3320 33.5
5.3340 18.1
5.3360 33.5
5.3380 15.4
5.3400 5.1
5.3420 20.5
5.3440 28.2
5.3460 33.5
5.3480 30.9
5.3500 15.4
5.3520 15.4
5.3540 30.9
5.3560 25.8
5.3580 15.4
5.3600 10.3
5.3620 23.1
5.3640 20.5
5.3660 23.1
5.3680 15.4
5.3700 20.5
5.3720 25.8
5.3740 18.1
5.3760 10.3
5.3780 20.5
5.3800 28.2
5.3820 25.8
5.3840 33.5
5.3860 23.1
5.3880 30.9
5.3900 10.3
5.3920 18.1
5.3940 18.1
5.3960 12.8
5.3980 12.8
5.4000 12.8
5.4020 23.1
5.4040 20.5
5.4060 18.1
5.4080 7.7
5.4100 25.8
5.4120 28.2
5.4140 30.9
5.4160 25.8
5.4180 18.1
5.4200 23.1
5.4220 23.1
5.4240 20.5
5.4260 23.1
5.4280 15.4
5.4300 15.4
5.4320 12.8
5.4340 30.9
5.4360 25.8
5.4380 23.1
5.4400 15.4
5.4420 12.8
5.4440 15.4
5.4460 23.1
5.4480 7.7
5.4500 18.1
5.4520 25.8
5.4540 28.2
5.4560 25.8
5.4580 25.8
5.4600 33.5
5.4620 7.7
5.4640 10.3
5.4660 18.1
5.4680 25.8
5.4700 20.5
5.4720 12.8
5.4740 20.5
5.4760 15.4
5.4780 15.4
5.4800 20.5
5.4820 28.2
5.4840 23.1
5.4860 23.1
5.4880 25.8
5.4900 25.8
5.4920 20.5
5.4940 12.8
5.4960 20.5
5.4980 12.8
5.5000 20.5
5.5020 20.5
5.5040 25.8
5.5060 23.1
5.5080 10.3
5.5100 25.8
5.5120 28.2
5.5140 20.5
5.5160 25.8
5.5180 28.2
5.5200 20.5
5.5220 25.8
5.5240 12.8
5.5260 25.8
5.5280 18.1
5.5300 20.5
5.5320 10.3
5.5340 25.8
5.5360 23.1
5.5380 33.5
5.5400 23.1
5.5420 12.8
5.5440 23.1
5.5460 28.2
5.5480 15.4
5.5500 30.9
5.5520 15.4
5.5540 30.9
5.5560 18.1
5.5580 23.1
5.5600 23.1
5.5620 25.8
5.5640 18.1
5.5660 25.8
5.5680 30.9
5.5700 18.1
5.5720 36.0
5.5740 12.8
5.5760 30.9
5.5780 12.8
5.5800 15.4
5.5820 38.6
5.5840 18.1
5.5860 18.1
5.5880 7.7
5.5900 20.5
5.5920 18.1
5.5940 28.2
5.5960 20.5
5.5980 28.2
5.6000 10.3
5.6020 38.6
5.6040 15.4
5.6060 18.1
5.6080 18.1
5.6100 33.5
5.6120 20.5
5.6140 25.8
5.6160 28.2
5.6180 30.9
5.6200 15.4
5.6220 25.8
5.6240 25.8
5.6260 23.1
5.6280 18.1
5.6300 20.5
5.6320 18.1
5.6340 18.1
5.6360 12.8
5.6380 23.1
5.6400 23.1
5.6420 20.5
5.6440 20.5
5.6460 25.8
5.6480 20.5
5.6500 30.9
5.6520 18.1
5.6540 20.5
5.6560 25.8
5.6580 15.4
5.6600 15.4
5.6620 12.8
5.6640 15.4
5.6660 25.8
5.6680 18.1
5.6700 12.8
5.6720 30.9
5.6740 7.7
5.6760 43.7
5.6780 10.3
5.6800 25.8
5.6820 25.8
5.6840 15.4
5.6860 18.1
5.6880 25.8
5.6900 12.8
5.6920 12.8
5.6940 10.3
5.6960 7.7
5.6980 10.3
5.7000 33.5
5.7020 7.7
5.7040 23.1
5.7060 30.9
5.7080 51.4
5.7100 20.5
5.7120 25.8
5.7140 12.8
5.7160 30.9
5.7180 7.7
5.7200 18.1
5.7220 12.8
5.7240 20.5
5.7260 20.5
5.7280 36.0
5.7300 28.2
5.7320 28.2
5.7340 23.1
5.7360 23.1
5.7380 15.4
5.7400 15.4
5.7420 28.2
5.7440 18.1
5.7460 10.3
5.7480 18.1
5.7500 20.5
5.7520 18.1
5.7540 23.1
5.7560 15.4
5.7580 5.1
5.7600 20.5
5.7620 20.5
5.7640 28.2
5.7660 25.8
5.7680 28.2
5.7700 20.5
5.7720 18.1
5.7740 10.3
5.7760 15.4
5.7780 10.3
5.7800 23.1
5.7820 18.1
5.7840 30.9
5.7860 25.8
5.7880 23.1
5.7900 23.1
5.7920 38.6
5.7940 23.1
5.7960 20.5
5.7980 23.1
5.8000 15.4
5.8020 28.2
5.8040 18.1
5.8060 15.4
5.8080 18.1
5.8100 15.4
5.8120 28.2
5.8140 12.8
5.8160 10.3
5.8180 15.4
5.8200 28.2
5.8220 25.8
5.8240 30.9
5.8260 23.1
5.8280 20.5
5.8300 23.1
5.8320 30.9
5.8340 28.2
5.8360 10.3
5.8380 33.5
5.8400 12.8
5.8420 18.1
5.8440 20.5
5.8460 28.2
5.8480 10.3
5.8500 25.8
5.8520 25.8
5.8540 7.7
5.8560 18.1
5.8580 20.5
5.8600 30.9
5.8620 18.1
5.8640 28.2
5.8660 30.9
5.8680 20.5
5.8700 23.1
5.8720 20.5
5.8740 23.1
5.8760 20.5
5.8780 12.8
5.8800 20.5
5.8820 23.1
5.8840 28.2
5.8860 18.1
5.8880 15.4
5.8900 18.1
5.8920 20.5
5.8940 18.1
5.8960 18.1
5.8980 18.1
5.9000 25.8
5.9020 5.1
5.9040 15.4
5.9060 10.3
5.9080 36.0
5.9100 18.1
5.9120 7.7
5.9140 15.4
5.9160 7.7
5.9180 12.8
5.9200 12.8
5.9220 7.7
5.9240 18.1
5.9260 36.0
5.9280 7.7
5.9300 18.1
5.9320 18.1
5.9340 25.8
5.9360 18.1
5.9380 28.2
5.9400 25.8
5.9420 5.1
5.9440 18.1
5.9460 25.8
5.9480 20.5
5.9500 18.1
5.9520 23.1
5.9540 15.4
5.9560 7.7
5.9580 28.2
5.9600 20.5
5.9620 36.0
5.9640 12.8
5.9660 12.8
5.9680 15.4
5.9700 15.4
5.9720 25.8
5.9740 20.5
5.9760 18.1
5.9780 12.8
5.9800 18.1
5.9820 25.8
5.9840 25.8
5.9860 23.1
5.9880 25.8
5.9900 20.5
5.9920 20.5
5.9940 20.5
5.9960 18.1
5.9980 20.5
6.0000 5.1
