;Bundle             = 1
;Partition          = 1
;Operator           = 
;Gonio              = ATX-G
;Memo               = 
;IncidentMonochro   = ½Ø¯ÄºØÒ°¼®Ý
;CounterMonochro    = ŽóŒõ½Ø¯Ä
;Attachment         = XY-STAGE
;Filter             = 
;SlitName0          = S1 10*1
;SlitName1          = S2 2*0.05
;SlitName2          = ATT 
;SlitName3          = RS 2*0.1
;SlitName4          = GS nothing
;Counter            = SC-70
;KAlpha1            = 1.5403
;KAlpha2            = 1.5434
;KBata              = 0
;Target             = Cu
;KV                 = 50
;mA                 = 300
;AxisName           = 2Theta/Omega
;MeasurementMethod = Continuation
;Start              = 0.2
;Finish             = 6
;Speed              = 0.2
;FixedTime          = 
;Width              = 0.004
;FullScale         = 1e+06
;Comment            = 0.35
;SampleName         = 
;Xunit              = deg.
;Yunit              = CPS
0.2000 117808.3
0.2040 164440.2
0.2080 192348.3
0.2120 204919.5
0.2160 205142.4
0.2200 206132.8
0.2240 209929.8
0.2280 212418.1
0.2320 215147.3
0.2360 218776.1
0.2400 221722.8
0.2440 225238.5
0.2480 227814.2
0.2520 230823.5
0.2560 234365.2
0.2600 238247.2
0.2640 242849.0
0.2680 246081.0
0.2720 249579.7
0.2760 253395.5
0.2800 255633.3
0.2840 261330.6
0.2880 265136.7
0.2920 269122.8
0.2960 274406.9
0.3000 282746.1
0.3040 294379.0
0.3080 306208.3
0.3120 322435.4
0.3160 336351.4
0.3200 346805.9
0.3240 353147.7
0.3280 356398.6
0.3320 359727.1
0.3360 362037.0
0.3400 362638.7
0.3440 367380.6
0.3480 372165.9
0.3520 375839.1
0.3560 382368.1
0.3600 385432.3
0.3640 390362.8
0.3680 393144.0
0.3720 397196.1
0.3760 380565.1
0.3800 382587.7
0.3840 385087.0
0.3880 392551.2
0.3920 401677.3
0.3960 402494.6
0.4000 405916.9
0.4040 418243.3
0.4080 419587.1
0.4120 425735.0
0.4160 423808.7
0.4200 429144.7
0.4240 424473.7
0.4280 424088.9
0.4320 427915.1
0.4360 429125.6
0.4400 431674.7
0.4440 430764.3
0.4480 429586.6
0.4520 434233.2
0.4560 432339.7
0.4600 430413.3
0.4640 423076.0
0.4680 421031.3
0.4720 414585.3
0.4760 405827.0
0.4800 400734.2
0.4840 397590.0
0.4880 397734.8
0.4920 397073.0
0.4960 394118.0
0.5000 399513.1
0.5040 403181.8
0.5080 401402.4
0.5120 398390.3
0.5160 399965.7
0.5200 404516.0
0.5240 407243.8
0.5280 407535.5
0.5320 411972.8
0.5360 413727.8
0.5400 414321.0
0.5440 420679.2
0.5480 414494.3
0.5520 416371.0
0.5560 418897.8
0.5600 421485.9
0.5640 417440.9
0.5680 421092.7
0.5720 420411.8
0.5760 424076.2
0.5800 422180.6
0.5840 421692.1
0.5880 425367.1
0.5920 423955.7
0.5960 426411.7
0.6000 422709.2
0.6040 423155.3
0.6080 421813.7
0.6120 421679.4
0.6160 422638.3
0.6200 421498.6
0.6240 420177.1
0.6280 421752.4
0.6320 416005.2
0.6360 417956.8
0.6400 415275.7
0.6440 409628.9
0.6480 409055.9
0.6520 408940.6
0.6560 402309.6
0.6600 403401.7
0.6640 399131.5
0.6680 403640.6
0.6720 395321.2
0.6760 389816.1
0.6800 386078.7
0.6840 378668.4
0.6880 373428.7
0.6920 370690.4
0.6960 364838.6
0.7000 359517.4
0.7040 351740.3
0.7080 346790.2
0.7120 338607.2
0.7160 331074.2
0.7200 339647.8
0.7240 327499.2
0.7280 320305.1
0.7320 309969.0
0.7360 299349.1
0.7400 289295.8
0.7440 278999.3
0.7480 266362.3
0.7520 254034.3
0.7560 244007.4
0.7600 233571.1
0.7640 222384.1
0.7680 211635.2
0.7720 199978.9
0.7760 191558.6
0.7800 181533.4
0.7840 172105.1
0.7880 163032.0
0.7920 155674.7
0.7960 147099.9
0.8000 139935.8
0.8040 132654.3
0.8080 125818.0
0.8120 119809.5
0.8160 114195.9
0.8200 108199.2
0.8240 103468.4
0.8280 96606.2
0.8320 93135.8
0.8360 88326.9
0.8400 84553.0
0.8440 80928.0
0.8480 77333.4
0.8520 73806.1
0.8560 71097.3
0.8600 67253.4
0.8640 64676.9
0.8680 61861.7
0.8720 59184.0
0.8760 57066.1
0.8800 53614.3
0.8840 51813.6
0.8880 49706.1
0.8920 47993.8
0.8960 46256.8
0.9000 44476.5
0.9040 43016.5
0.9080 41422.9
0.9120 39349.0
0.9160 38133.6
0.9200 36089.0
0.9240 34777.0
0.9280 33095.9
0.9320 31958.7
0.9360 30610.6
0.9400 29679.4
0.9440 29301.5
0.9480 27994.4
0.9520 26735.9
0.9560 26103.9
0.9600 25149.3
0.9640 24680.6
0.9680 23843.8
0.9720 22656.1
0.9760 21716.6
0.9800 20445.1
0.9840 20025.6
0.9880 18895.0
0.9920 18107.9
0.9960 17632.7
1.0000 16689.9
1.0040 17132.1
1.0080 16457.7
1.0120 16097.5
1.0160 15782.0
1.0200 15368.5
1.0240 14905.7
1.0280 14272.8
1.0320 13493.7
1.0360 12888.9
1.0400 12531.3
1.0440 11702.9
1.0480 11148.4
1.0520 10612.4
1.0560 10289.7
1.0600 9963.9
1.0640 9842.3
1.0680 9736.9
1.0720 9670.9
1.0760 9643.5
1.0800 9397.0
1.0840 9334.3
1.0880 8876.4
1.0920 8599.1
1.0960 8459.1
1.1000 7806.9
1.1040 7434.6
1.1080 6969.3
1.1120 6436.3
1.1160 6084.3
1.1200 5956.0
1.1240 5566.4
1.1280 5522.6
1.1320 5431.6
1.1360 5648.2
1.1400 5558.7
1.1440 5435.1
1.1480 5523.5
1.1520 5602.7
1.1560 5345.0
1.1600 5109.0
1.1640 4784.1
1.1680 4599.9
1.1720 4325.7
1.1760 3957.6
1.1800 3714.0
1.1840 3600.7
1.1880 3176.9
1.1920 3034.4
1.1960 3068.7
1.2000 2984.9
1.2040 2953.9
1.2080 3012.6
1.2120 3143.4
1.2160 3119.0
1.2200 3199.6
1.2240 3212.1
1.2280 3197.9
1.2320 3007.5
1.2360 2929.6
1.2400 2714.2
1.2440 2446.1
1.2480 2322.2
1.2520 2024.2
1.2560 1835.1
1.2600 1632.7
1.2640 1599.3
1.2680 1444.6
1.2720 1525.7
1.2760 1478.1
1.2800 1585.9
1.2840 1689.6
1.2880 1716.3
1.2920 1746.4
1.2960 1830.1
1.3000 1748.1
1.3040 1839.3
1.3080 1706.3
1.3120 1675.4
1.3160 1541.6
1.3200 1346.8
1.3240 1248.3
1.3280 1062.8
1.3320 929.2
1.3360 829.0
1.3400 772.3
1.3440 733.9
1.3480 725.5
1.3520 760.6
1.3560 760.6
1.3600 849.9
1.3640 869.1
1.3680 976.8
1.3720 989.3
1.3760 997.7
1.3800 1054.5
1.3840 970.1
1.3880 928.4
1.3920 883.3
1.3960 804.0
1.4000 667.1
1.4040 604.5
1.4080 487.7
1.4120 384.3
1.4160 343.5
1.4200 302.6
1.4240 291.8
1.4280 282.6
1.4320 311.8
1.4360 380.1
1.4400 423.5
1.4440 461.9
1.4480 505.3
1.4520 560.3
1.4560 562.0
1.4600 540.3
1.4640 533.6
1.4680 508.6
1.4720 486.1
1.4760 386.0
1.4800 320.9
1.4840 247.6
1.4880 221.7
1.4920 173.4
1.4960 136.7
1.5000 115.8
1.5040 112.5
1.5080 132.5
1.5120 153.4
1.5160 178.4
1.5200 200.9
1.5240 261.7
1.5280 277.6
1.5320 285.1
1.5360 315.9
1.5400 290.1
1.5440 295.1
1.5480 252.6
1.5520 271.7
1.5560 232.6
1.5600 158.4
1.5640 130.9
1.5680 95.0
1.5720 64.2
1.5760 52.5
1.5800 40.0
1.5840 35.0
1.5880 38.3
1.5920 46.7
1.5960 87.5
1.6000 85.8
1.6040 109.2
1.6080 135.9
1.6120 150.0
1.6160 180.9
1.6200 155.9
1.6240 147.5
1.6280 140.0
1.6320 120.0
1.6360 134.2
1.6400 119.2
1.6440 80.0
1.6480 66.7
1.6520 55.0
1.6560 40.0
1.6600 32.5
1.6640 27.5
1.6680 21.7
1.6720 29.2
1.6760 30.8
1.6800 37.5
1.6840 64.2
1.6880 73.3
1.6920 80.0
1.6960 93.3
1.7000 85.0
1.7040 80.8
1.7080 77.5
1.7120 66.7
1.7160 73.3
1.7200 55.0
1.7240 60.0
1.7280 50.0
1.7320 48.3
1.7360 27.5
1.7400 25.8
1.7440 35.0
1.7480 39.2
1.7520 29.2
1.7560 25.0
1.7600 42.5
1.7640 48.3
1.7680 41.7
1.7720 40.8
1.7760 48.3
1.7800 45.0
1.7840 42.5
1.7880 52.5
1.7920 38.3
1.7960 31.7
1.8000 45.8
1.8040 48.3
1.8080 34.2
1.8120 40.8
1.8160 35.8
1.8200 38.3
1.8240 45.8
1.8280 42.5
1.8320 35.8
1.8360 34.2
1.8400 32.5
1.8440 38.3
1.8480 50.8
1.8520 38.3
1.8560 52.5
1.8600 33.3
1.8640 26.7
1.8680 39.2
1.8720 32.5
1.8760 28.3
1.8800 28.3
1.8840 25.8
1.8880 23.3
1.8920 27.5
1.8960 28.3
1.9000 31.7
1.9040 45.0
1.9080 37.5
1.9120 41.7
1.9160 59.2
1.9200 42.5
1.9240 56.7
1.9280 63.3
1.9320 55.0
1.9360 40.0
1.9400 45.0
1.9440 49.2
1.9480 29.2
1.9520 26.7
1.9560 19.2
1.9600 21.7
1.9640 16.7
1.9680 15.8
1.9720 22.5
1.9760 15.8
1.9800 25.8
1.9840 28.3
1.9880 36.7
1.9920 55.8
1.9960 40.0
2.0000 41.7
2.0040 53.3
2.0080 50.8
2.0120 46.7
2.0160 50.0
2.0200 64.2
2.0240 45.8
2.0280 36.7
2.0320 38.3
2.0360 25.0
2.0400 19.2
2.0440 16.7
2.0480 15.8
2.0520 14.2
2.0560 10.0
2.0600 12.5
2.0640 18.3
2.0680 16.7
2.0720 32.5
2.0760 36.7
2.0800 38.3
2.0840 40.8
2.0880 45.8
2.0920 55.0
2.0960 65.0
2.1000 63.3
2.1040 45.8
2.1080 41.7
2.1120 42.5
2.1160 28.3
2.1200 29.2
2.1240 23.3
2.1280 30.8
2.1320 20.0
2.1360 19.2
2.1400 17.5
2.1440 8.3
2.1480 16.7
2.1520 10.8
2.1560 24.2
2.1600 25.8
2.1640 30.0
2.1680 30.0
2.1720 38.3
2.1760 47.5
2.1800 43.3
2.1840 41.7
2.1880 50.8
2.1920 45.8
2.1960 39.2
2.2000 30.0
2.2040 43.3
2.2080 31.7
2.2120 30.0
2.2160 12.5
2.2200 15.0
2.2240 12.5
2.2280 7.5
2.2320 10.0
2.2360 10.8
2.2400 6.7
2.2440 20.0
2.2480 21.7
2.2520 27.5
2.2560 28.3
2.2600 33.3
2.2640 38.3
2.2680 40.8
2.2720 41.7
2.2760 42.5
2.2800 45.8
2.2840 39.2
2.2880 29.2
2.2920 30.8
2.2960 26.7
2.3000 25.0
2.3040 17.5
2.3080 13.3
2.3120 16.7
2.3160 9.2
2.3200 8.3
2.3240 9.2
2.3280 8.3
2.3320 15.8
2.3360 17.5
2.3400 20.8
2.3440 27.5
2.3480 25.0
2.3520 30.0
2.3560 29.2
2.3600 35.0
2.3640 37.5
2.3680 36.7
2.3720 37.5
2.3760 26.7
2.3800 30.0
2.3840 26.7
2.3880 15.0
2.3920 20.8
2.3960 10.8
2.4000 11.7
2.4040 12.5
2.4080 7.5
2.4120 9.2
2.4160 8.3
2.4200 9.2
2.4240 15.0
2.4280 19.2
2.4320 23.3
2.4360 33.3
2.4400 20.8
2.4440 31.7
2.4480 23.3
2.4520 20.8
2.4560 33.3
2.4600 26.7
2.4640 18.3
2.4680 20.8
2.4720 15.8
2.4760 20.0
2.4800 15.0
2.4840 8.3
2.4880 10.8
2.4920 9.2
2.4960 11.7
2.5000 11.7
2.5040 10.0
2.5080 15.8
2.5120 11.7
2.5160 18.3
2.5200 17.5
2.5240 20.0
2.5280 20.8
2.5320 27.5
2.5360 16.7
2.5400 30.0
2.5440 25.8
2.5480 24.2
2.5520 16.7
2.5560 20.8
2.5600 12.5
2.5640 20.0
2.5680 17.5
2.5720 15.0
2.5760 12.5
2.5800 8.3
2.5840 6.7
2.5880 11.7
2.5920 9.2
2.5960 9.2
2.6000 6.7
2.6040 9.2
2.6080 20.0
2.6120 12.5
2.6160 13.3
2.6200 17.5
2.6240 23.3
2.6280 20.0
2.6320 20.0
2.6360 16.7
2.6400 15.8
2.6440 10.0
2.6480 20.8
2.6520 15.0
2.6560 10.8
2.6600 12.5
2.6640 4.2
2.6680 11.7
2.6720 15.0
2.6760 13.3
2.6800 10.8
2.6840 5.8
2.6880 10.0
2.6920 10.8
2.6960 9.2
2.7000 10.0
2.7040 12.5
2.7080 16.7
2.7120 10.8
2.7160 15.0
2.7200 16.7
2.7240 19.2
2.7280 15.8
2.7320 15.0
2.7360 8.3
2.7400 13.3
2.7440 13.3
2.7480 5.0
2.7520 9.2
2.7560 6.7
2.7600 11.7
2.7640 10.0
2.7680 9.2
2.7720 10.0
2.7760 5.8
2.7800 10.8
2.7840 6.7
2.7880 14.2
2.7920 11.7
2.7960 12.5
2.8000 14.2
2.8040 15.8
2.8080 16.7
2.8120 25.0
2.8160 5.0
2.8200 14.2
2.8240 16.7
2.8280 10.8
2.8320 10.8
2.8360 15.8
2.8400 14.2
2.8440 15.0
2.8480 10.0
2.8520 12.5
2.8560 6.7
2.8600 12.5
2.8640 8.3
2.8680 6.7
2.8720 9.2
2.8760 7.5
2.8800 6.7
2.8840 12.5
2.8880 12.5
2.8920 19.2
2.8960 5.8
2.9000 8.3
2.9040 8.3
2.9080 15.0
2.9120 7.5
2.9160 9.2
2.9200 6.7
2.9240 8.3
2.9280 7.5
2.9320 10.8
2.9360 3.3
2.9400 10.0
2.9440 4.2
2.9480 7.5
2.9520 10.0
2.9560 4.2
2.9600 9.2
2.9640 9.2
2.9680 8.3
2.9720 11.7
2.9760 10.0
2.9800 13.3
2.9840 10.0
2.9880 9.2
2.9920 9.2
2.9960 6.7
3.0000 10.8
3.0040 8.3
3.0080 14.2
3.0120 8.3
3.0160 9.2
3.0200 5.8
3.0240 10.8
3.0280 10.0
3.0320 11.7
3.0360 10.0
3.0400 3.3
3.0440 6.7
3.0480 4.2
3.0520 7.5
3.0560 9.2
3.0600 7.5
3.0640 9.2
3.0680 8.3
3.0720 6.7
3.0760 10.8
3.0800 11.7
3.0840 7.5
3.0880 5.8
3.0920 5.0
3.0960 10.8
3.1000 9.2
3.1040 12.5
3.1080 5.8
3.1120 9.2
3.1160 5.8
3.1200 11.7
3.1240 5.0
3.1280 5.0
3.1320 10.8
3.1360 2.5
3.1400 7.5
3.1440 14.2
3.1480 6.7
3.1520 4.2
3.1560 10.0
3.1600 6.7
3.1640 5.0
3.1680 7.5
3.1720 3.3
3.1760 5.0
3.1800 12.5
3.1840 13.3
3.1880 5.8
3.1920 8.3
3.1960 6.7
3.2000 6.7
3.2040 7.5
3.2080 10.8
3.2120 5.0
3.2160 10.8
3.2200 8.3
3.2240 7.5
3.2280 11.7
3.2320 5.0
3.2360 7.5
3.2400 2.5
3.2440 5.8
3.2480 7.5
3.2520 5.8
3.2560 5.0
3.2600 9.2
3.2640 7.5
3.2680 6.7
3.2720 7.5
3.2760 7.5
3.2800 7.5
3.2840 8.3
3.2880 6.7
3.2920 14.2
3.2960 6.7
3.3000 6.7
3.3040 6.7
3.3080 5.0
3.3120 5.8
3.3160 5.0
3.3200 5.0
3.3240 6.7
3.3280 7.5
3.3320 6.7
3.3360 5.8
3.3400 6.7
3.3440 5.0
3.3480 10.0
3.3520 8.3
3.3560 10.8
3.3600 10.0
3.3640 9.2
3.3680 8.3
3.3720 1.7
3.3760 5.8
3.3800 6.7
3.3840 6.7
3.3880 5.8
3.3920 9.2
3.3960 8.3
3.4000 6.7
3.4040 2.5
3.4080 5.8
3.4120 5.0
3.4160 7.5
3.4200 2.5
3.4240 6.7
3.4280 2.5
3.4320 2.5
3.4360 8.3
3.4400 10.0
3.4440 12.5
3.4480 7.5
3.4520 7.5
3.4560 5.0
3.4600 7.5
3.4640 1.7
3.4680 10.0
3.4720 6.7
3.4760 3.3
3.4800 4.2
3.4840 2.5
3.4880 8.3
3.4920 5.8
3.4960 7.5
3.5000 6.7
3.5040 7.5
3.5080 8.3
3.5120 5.0
3.5160 4.2
3.5200 2.5
3.5240 7.5
3.5280 10.8
3.5320 8.3
3.5360 7.5
3.5400 5.0
3.5440 5.0
3.5480 5.0
3.5520 7.5
3.5560 9.2
3.5600 8.3
3.5640 2.5
3.5680 4.2
3.5720 6.7
3.5760 8.3
3.5800 6.7
3.5840 5.0
3.5880 3.3
3.5920 6.7
3.5960 4.2
3.6000 6.7
3.6040 5.0
3.6080 5.0
3.6120 7.5
3.6160 10.0
3.6200 9.2
3.6240 4.2
3.6280 2.5
3.6320 10.0
3.6360 7.5
3.6400 8.3
3.6440 3.3
3.6480 5.8
3.6520 3.3
3.6560 10.8
3.6600 5.0
3.6640 5.0
3.6680 8.3
3.6720 5.0
3.6760 4.2
3.6800 5.0
3.6840 5.0
3.6880 2.5
3.6920 1.7
3.6960 5.0
3.7000 7.5
3.7040 5.8
3.7080 5.8
3.7120 7.5
3.7160 5.8
3.7200 7.5
3.7240 5.8
3.7280 5.8
3.7320 4.2
3.7360 4.2
3.7400 10.0
3.7440 2.5
3.7480 3.3
3.7520 1.7
3.7560 5.8
3.7600 4.2
3.7640 5.8
3.7680 3.3
3.7720 12.5
3.7760 5.0
3.7800 2.5
3.7840 2.5
3.7880 4.2
3.7920 5.0
3.7960 5.0
3.8000 8.3
3.8040 6.7
3.8080 6.7
3.8120 5.8
3.8160 2.5
3.8200 4.2
3.8240 2.5
3.8280 6.7
3.8320 5.8
3.8360 5.0
3.8400 4.2
3.8440 6.7
3.8480 5.0
3.8520 5.0
3.8560 9.2
3.8600 2.5
3.8640 5.0
3.8680 2.5
3.8720 3.3
3.8760 5.8
3.8800 7.5
3.8840 6.7
3.8880 3.3
3.8920 5.8
3.8960 2.5
3.9000 7.5
3.9040 4.2
3.9080 6.7
3.9120 2.5
3.9160 5.8
3.9200 4.2
3.9240 5.8
3.9280 3.3
3.9320 1.7
3.9360 5.0
3.9400 5.8
3.9440 7.5
3.9480 5.8
3.9520 6.7
3.9560 5.0
3.9600 4.2
3.9640 7.5
3.9680 2.5
3.9720 2.5
3.9760 3.3
3.9800 6.7
3.9840 4.2
3.9880 2.5
3.9920 0.8
3.9960 8.3
4.0000 2.5
4.0040 5.0
4.0080 1.7
4.0120 6.7
4.0160 6.7
4.0200 5.0
4.0240 5.0
4.0280 4.2
4.0320 2.5
4.0360 3.3
4.0400 3.3
4.0440 3.3
4.0480 5.0
4.0520 7.5
4.0560 5.0
4.0600 9.2
4.0640 2.5
4.0680 6.7
4.0720 3.3
4.0760 5.0
4.0800 5.8
4.0840 5.8
4.0880 9.2
4.0920 5.0
4.0960 5.0
4.1000 4.2
4.1040 4.2
4.1080 5.8
4.1120 2.5
4.1160 1.7
4.1200 5.0
4.1240 4.2
4.1280 4.2
4.1320 5.0
4.1360 0.8
4.1400 3.3
4.1440 3.3
4.1480 3.3
4.1520 2.5
4.1560 1.7
4.1600 1.7
4.1640 5.8
4.1680 2.5
4.1720 4.2
4.1760 3.3
4.1800 4.2
4.1840 5.0
4.1880 3.3
4.1920 2.5
4.1960 7.5
4.2000 1.7
4.2040 5.8
4.2080 4.2
4.2120 1.7
4.2160 4.2
4.2200 0.8
4.2240 3.3
4.2280 7.5
4.2320 5.8
4.2360 6.7
4.2400 5.0
4.2440 4.2
4.2480 3.3
4.2520 5.0
4.2560 1.7
4.2600 7.5
4.2640 5.0
4.2680 3.3
4.2720 3.3
4.2760 3.3
4.2800 2.5
4.2840 6.7
4.2880 3.3
4.2920 4.2
4.2960 4.2
4.3000 1.7
4.3040 4.2
4.3080 5.0
4.3120 3.3
4.3160 6.7
4.3200 3.3
4.3240 1.7
4.3280 6.7
4.3320 5.8
4.3360 4.2
4.3400 2.5
4.3440 4.2
4.3480 5.0
4.3520 1.7
4.3560 5.8
4.3600 3.3
4.3640 4.2
4.3680 3.3
4.3720 3.3
4.3760 5.8
4.3800 3.3
4.3840 0.8
4.3880 1.7
4.3920 4.2
4.3960 5.8
4.4000 6.7
4.4040 1.7
4.4080 3.3
4.4120 4.2
4.4160 5.0
4.4200 2.5
4.4240 4.2
4.4280 5.0
4.4320 4.2
4.4360 2.5
4.4400 1.7
4.4440 3.3
4.4480 5.0
4.4520 4.2
4.4560 2.5
4.4600 5.0
4.4640 4.2
4.4680 4.2
4.4720 4.2
4.4760 2.5
4.4800 0.8
4.4840 4.2
4.4880 2.5
4.4920 4.2
4.4960 4.2
4.5000 5.0
4.5040 4.2
4.5080 5.0
4.5120 2.5
4.5160 1.7
4.5200 3.3
4.5240 4.2
4.5280 3.3
4.5320 0.8
4.5360 5.8
4.5400 1.7
4.5440 4.2
4.5480 1.7
4.5520 2.5
4.5560 4.2
4.5600 7.5
4.5640 3.3
4.5680 3.3
4.5720 6.7
4.5760 5.0
4.5800 4.2
4.5840 2.5
4.5880 1.7
4.5920 4.2
4.5960 3.3
4.6000 6.7
4.6040 2.5
4.6080 5.8
4.6120 4.2
4.6160 1.7
4.6200 3.3
4.6240 2.5
4.6280 3.3
4.6320 1.7
4.6360 4.2
4.6400 5.0
4.6440 3.3
4.6480 5.8
4.6520 2.5
4.6560 5.0
4.6600 2.5
4.6640 7.5
4.6680 1.7
4.6720 5.0
4.6760 4.2
4.6800 5.0
4.6840 5.8
4.6880 1.7
4.6920 0.8
4.6960 2.5
4.7000 5.0
4.7040 1.7
4.7080 5.0
4.7120 4.2
4.7160 4.2
4.7200 8.3
4.7240 5.0
4.7280 4.2
4.7320 6.7
4.7360 3.3
4.7400 0.0
4.7440 2.5
4.7480 4.2
4.7520 4.2
4.7560 2.5
4.7600 2.5
4.7640 4.2
4.7680 4.2
4.7720 4.2
4.7760 5.0
4.7800 5.0
4.7840 6.7
4.7880 3.3
4.7920 0.8
4.7960 3.3
4.8000 5.0
4.8040 4.2
4.8080 4.2
4.8120 5.0
4.8160 3.3
4.8200 2.5
4.8240 1.7
4.8280 0.0
4.8320 1.7
4.8360 0.0
4.8400 3.3
4.8440 1.7
4.8480 5.8
4.8520 6.7
4.8560 2.5
4.8600 0.8
4.8640 3.3
4.8680 2.5
4.8720 0.0
4.8760 0.8
4.8800 4.2
4.8840 5.0
4.8880 3.3
4.8920 5.8
4.8960 3.3
4.9000 5.0
4.9040 1.7
4.9080 2.5
4.9120 0.8
4.9160 5.0
4.9200 0.8
4.9240 2.5
4.9280 2.5
4.9320 5.8
4.9360 2.5
4.9400 3.3
4.9440 1.7
4.9480 4.2
4.9520 5.0
4.9560 2.5
4.9600 2.5
4.9640 1.7
4.9680 3.3
4.9720 2.5
4.9760 8.3
4.9800 5.0
4.9840 7.5
4.9880 5.8
4.9920 3.3
4.9960 1.7
5.0000 2.5
5.0040 5.8
5.0080 3.3
5.0120 0.8
5.0160 3.3
5.0200 0.8
5.0240 1.7
5.0280 2.5
5.0320 2.5
5.0360 2.5
5.0400 5.8
5.0440 2.5
5.0480 1.7
5.0520 5.8
5.0560 3.3
5.0600 1.7
5.0640 5.0
5.0680 3.3
5.0720 1.7
5.0760 4.2
5.0800 4.2
5.0840 2.5
5.0880 1.7
5.0920 6.7
5.0960 5.0
5.1000 4.2
5.1040 5.0
5.1080 1.7
5.1120 2.5
5.1160 1.7
5.1200 5.0
5.1240 1.7
5.1280 4.2
5.1320 1.7
5.1360 1.7
5.1400 0.0
5.1440 2.5
5.1480 3.3
5.1520 3.3
5.1560 2.5
5.1600 3.3
5.1640 1.7
5.1680 4.2
5.1720 4.2
5.1760 5.0
5.1800 6.7
5.1840 0.8
5.1880 1.7
5.1920 5.0
5.1960 4.2
5.2000 2.5
5.2040 1.7
5.2080 3.3
5.2120 2.5
5.2160 2.5
5.2200 2.5
5.2240 1.7
5.2280 2.5
5.2320 4.2
5.2360 4.2
5.2400 5.0
5.2440 0.8
5.2480 2.5
5.2520 0.8
5.2560 3.3
5.2600 1.7
5.2640 7.5
5.2680 1.7
5.2720 1.7
5.2760 1.7
5.2800 2.5
5.2840 2.5
5.2880 5.0
5.2920 0.0
5.2960 5.8
5.3000 5.0
5.3040 1.7
5.3080 1.7
5.3120 3.3
5.3160 1.7
5.3200 1.7
5.3240 4.2
5.3280 4.2
5.3320 1.7
5.3360 2.5
5.3400 2.5
5.3440 3.3
5.3480 5.0
5.3520 5.8
5.3560 5.0
5.3600 3.3
5.3640 1.7
5.3680 3.3
5.3720 1.7
5.3760 5.8
5.3800 5.0
5.3840 4.2
5.3880 1.7
5.3920 5.8
5.3960 4.2
5.4000 1.7
5.4040 5.0
5.4080 5.0
5.4120 3.3
5.4160 4.2
5.4200 4.2
5.4240 4.2
5.4280 3.3
5.4320 5.8
5.4360 5.0
5.4400 0.8
5.4440 0.8
5.4480 2.5
5.4520 3.3
5.4560 2.5
5.4600 1.7
5.4640 2.5
5.4680 1.7
5.4720 1.7
5.4760 1.7
5.4800 2.5
5.4840 2.5
5.4880 3.3
5.4920 2.5
5.4960 4.2
5.5000 3.3
5.5040 4.2
5.5080 2.5
5.5120 4.2
5.5160 0.8
5.5200 3.3
5.5240 3.3
5.5280 0.0
5.5320 3.3
5.5360 3.3
5.5400 5.8
5.5440 4.2
5.5480 5.0
5.5520 1.7
5.5560 1.7
5.5600 8.3
5.5640 4.2
5.5680 0.8
5.5720 3.3
5.5760 3.3
5.5800 2.5
5.5840 1.7
5.5880 0.8
5.5920 3.3
5.5960 5.0
5.6000 4.2
5.6040 1.7
5.6080 2.5
5.6120 2.5
5.6160 1.7
5.6200 4.2
5.6240 3.3
5.6280 1.7
5.6320 3.3
5.6360 5.8
5.6400 3.3
5.6440 0.8
5.6480 2.5
5.6520 0.8
5.6560 1.7
5.6600 3.3
5.6640 1.7
5.6680 4.2
5.6720 4.2
5.6760 0.8
5.6800 2.5
5.6840 0.8
5.6880 4.2
5.6920 4.2
5.6960 5.8
5.7000 3.3
5.7040 1.7
5.7080 0.8
5.7120 1.7
5.7160 3.3
5.7200 3.3
5.7240 2.5
5.7280 2.5
5.7320 3.3
5.7360 3.3
5.7400 5.0
5.7440 4.2
5.7480 5.0
5.7520 7.5
5.7560 4.2
5.7600 0.8
5.7640 4.2
5.7680 0.8
5.7720 2.5
5.7760 2.5
5.7800 5.0
5.7840 5.8
5.7880 4.2
5.7920 2.5
5.7960 0.8
5.8000 5.0
5.8040 3.3
5.8080 1.7
5.8120 0.8
5.8160 2.5
5.8200 5.0
5.8240 2.5
5.8280 3.3
5.8320 2.5
5.8360 0.8
5.8400 2.5
5.8440 2.5
5.8480 1.7
5.8520 2.5
5.8560 5.0
5.8600 3.3
5.8640 2.5
5.8680 3.3
5.8720 4.2
5.8760 4.2
5.8800 4.2
5.8840 2.5
5.8880 4.2
5.8920 3.3
5.8960 0.8
5.9000 0.8
5.9040 5.8
5.9080 2.5
5.9120 4.2
5.9160 3.3
5.9200 3.3
5.9240 1.7
5.9280 1.7
5.9320 4.2
5.9360 1.7
5.9400 2.5
5.9440 1.7
5.9480 5.0
5.9520 1.7
5.9560 3.3
5.9600 3.3
5.9640 0.8
5.9680 0.8
5.9720 3.3
5.9760 4.2
5.9800 0.8
5.9840 2.5
5.9880 3.3
5.9920 1.7
5.9960 4.2
6.0000 1.7
