;Bundle             = 1
;Partition          = 1
;Operator           = 
;Gonio              = ATX-G
;Memo               = 
;IncidentMonochro   = ½Ø¯ÄºØÒ°¼®Ý
;CounterMonochro    = ŽóŒõ½Ø¯Ä
;Attachment         = XY-STAGE
;Filter             = 
;SlitName0          = S1 10*1
;SlitName1          = S2 2*0.05
;SlitName2          = ATT 
;SlitName3          = RS 2*0.1
;SlitName4          = GS nothing
;Counter            = SC-70
;KAlpha1            = 1.5403
;KAlpha2            = 1.5434
;KBata              = 0
;Target             = Cu
;KV                 = 50
;mA                 = 300
;AxisName           = 2Theta/Omega
;MeasurementMethod = Continuation
;Start              = 0.2
;Finish             = 6
;Speed              = 2
;FixedTime          = 
;Width              = 0.004
;FullScale         = 1e+06
;Comment            = 0.35
;SampleName         = 
;Xunit              = deg.
;Yunit              = CPS
0.2000 155311.6
0.2040 190056.6
0.2080 203054.3
0.2120 209721.6
0.2160 210217.0
0.2200 212500.0
0.2240 214310.6
0.2280 218283.3
0.2320 224090.4
0.2360 222733.6
0.2400 224217.6
0.2440 229562.0
0.2480 231863.6
0.2520 241202.4
0.2560 242244.5
0.2600 244428.8
0.2640 247480.6
0.2680 251461.1
0.2720 255424.7
0.2760 260376.8
0.2800 263764.4
0.2840 269544.2
0.2880 268571.8
0.2920 278046.4
0.2960 280874.8
0.3000 293177.0
0.3040 310230.3
0.3080 321597.0
0.3120 340010.0
0.3160 350960.1
0.3200 357451.3
0.3240 360102.9
0.3280 363877.9
0.3320 366005.3
0.3360 365485.9
0.3400 369522.7
0.3440 373992.5
0.3480 378904.9
0.3520 383196.0
0.3560 387185.0
0.3600 392219.3
0.3640 384674.7
0.3680 385132.4
0.3720 392913.8
0.3760 386080.8
0.3800 401435.2
0.3840 410540.2
0.3880 396605.7
0.3920 408369.7
0.3960 400977.4
0.4000 419647.4
0.4040 409514.7
0.4080 422870.9
0.4120 430547.6
0.4160 435672.1
0.4200 432564.8
0.4240 425371.3
0.4280 432994.1
0.4320 434096.8
0.4360 427757.5
0.4400 446988.9
0.4440 438122.8
0.4480 428584.3
0.4520 443171.2
0.4560 432347.1
0.4600 438596.4
0.4640 427215.2
0.4680 414175.1
0.4720 409632.1
0.4760 397137.5
0.4800 396877.4
0.4840 388482.9
0.4880 396387.9
0.4920 396105.6
0.4960 410254.8
0.5000 399722.5
0.5040 396496.8
0.5080 394089.4
0.5120 402241.9
0.5160 398060.5
0.5200 418983.4
0.5240 401350.6
0.5280 411233.8
0.5320 404278.2
0.5360 404507.6
0.5400 400307.1
0.5440 429502.0
0.5480 414772.4
0.5520 434918.3
0.5560 417334.1
0.5600 431776.1
0.5640 414377.0
0.5680 422189.0
0.5720 419537.4
0.5760 415976.6
0.5800 417665.0
0.5840 402682.8
0.5880 418947.5
0.5920 428189.9
0.5960 419695.0
0.6000 430030.6
0.6040 414963.8
0.6080 418967.6
0.6120 434689.9
0.6160 420142.2
0.6200 431931.6
0.6240 422636.2
0.6280 430000.0
0.6320 421592.7
0.6360 425474.9
0.6400 430072.9
0.6440 414952.2
0.6480 410016.9
0.6520 425146.1
0.6560 409884.8
0.6600 409324.4
0.6640 398550.0
0.6680 394958.5
0.6720 393924.5
0.6760 389661.7
0.6800 397270.7
0.6840 373455.1
0.6880 380936.2
0.6920 363578.3
0.6960 348130.8
0.7000 344674.7
0.7040 348497.7
0.7080 351205.3
0.7120 348580.2
0.7160 333252.2
0.7200 344988.9
0.7240 332298.8
0.7280 322206.0
0.7320 311112.5
0.7360 303394.3
0.7400 289026.7
0.7440 280766.5
0.7480 270005.0
0.7520 250683.7
0.7560 245856.4
0.7600 229839.2
0.7640 222494.1
0.7680 210548.0
0.7720 203533.4
0.7760 190265.9
0.7800 181308.0
0.7840 170731.7
0.7880 160345.2
0.7920 152923.8
0.7960 149004.8
0.8000 137455.7
0.8040 130514.3
0.8080 126193.2
0.8120 121226.4
0.8160 112714.8
0.8200 108849.1
0.8240 101277.6
0.8280 98440.8
0.8320 95910.7
0.8360 86628.5
0.8400 85011.0
0.8440 81090.8
0.8480 77829.4
0.8520 74685.4
0.8560 70930.3
0.8600 68402.1
0.8640 66189.5
0.8680 63206.6
0.8720 61344.9
0.8760 56405.9
0.8800 55474.1
0.8840 54406.2
0.8880 51022.3
0.8920 48833.3
0.8960 47344.2
0.9000 44291.3
0.9040 42560.4
0.9080 40565.6
0.9120 40849.7
0.9160 38937.5
0.9200 36454.0
0.9240 35625.8
0.9280 34159.9
0.9320 32528.2
0.9360 32813.0
0.9400 30110.2
0.9440 29049.0
0.9480 28782.2
0.9520 27565.2
0.9560 26935.3
0.9600 25610.1
0.9640 25232.2
0.9680 23736.5
0.9720 22477.6
0.9760 21925.1
0.9800 20318.1
0.9840 19856.7
0.9880 18852.6
0.9920 18408.1
0.9960 17960.5
1.0000 18053.7
1.0040 18036.3
1.0080 16294.3
1.0120 16742.2
1.0160 15799.8
1.0200 15845.2
1.0240 15725.2
1.0280 14993.4
1.0320 13748.7
1.0360 12969.8
1.0400 12492.2
1.0440 12346.1
1.0480 11594.3
1.0520 11338.8
1.0560 10937.8
1.0600 10580.0
1.0640 10588.8
1.0680 10179.1
1.0720 9856.7
1.0760 9746.3
1.0800 9720.1
1.0840 9500.5
1.0880 8718.6
1.0920 9295.3
1.0960 8667.6
1.1000 7668.1
1.1040 7456.3
1.1080 7092.5
1.1120 6738.3
1.1160 6391.7
1.1200 6020.2
1.1240 6281.5
1.1280 5834.2
1.1320 5868.1
1.1360 6138.1
1.1400 5724.7
1.1440 6163.6
1.1480 5876.7
1.1520 5666.0
1.1560 5379.5
1.1600 5269.9
1.1640 5202.3
1.1680 4663.8
1.1720 4100.6
1.1760 3915.5
1.1800 3411.9
1.1840 3562.9
1.1880 3328.0
1.1920 3294.3
1.1960 2950.6
1.2000 2757.8
1.2040 3353.0
1.2080 3227.4
1.2120 3210.5
1.2160 3101.5
1.2200 3210.6
1.2240 3261.0
1.2280 3151.8
1.2320 3353.1
1.2360 3076.2
1.2400 2648.8
1.2440 2489.7
1.2480 2330.5
1.2520 2096.1
1.2560 1962.2
1.2600 1619.3
1.2640 1460.5
1.2680 1636.1
1.2720 1560.8
1.2760 1878.6
1.2800 1845.1
1.2840 1636.0
1.2880 1702.9
1.2920 1953.9
1.2960 2104.5
1.3000 2020.8
1.3040 1937.1
1.3080 1602.6
1.3120 1836.8
1.3160 1268.3
1.3200 1285.0
1.3240 1184.8
1.3280 775.6
1.3320 925.9
1.3360 767.3
1.3400 683.8
1.3440 900.8
1.3480 742.2
1.3520 917.5
1.3560 942.6
1.3600 1084.5
1.3640 967.6
1.3680 992.7
1.3720 884.1
1.3760 1092.9
1.3800 1076.2
1.3840 1209.8
1.3880 800.7
1.3920 767.3
1.3960 733.9
1.4000 633.7
1.4040 558.7
1.4080 416.8
1.4120 425.2
1.4160 358.5
1.4200 291.8
1.4240 225.1
1.4280 491.9
1.4320 366.8
1.4360 491.9
1.4400 558.7
1.4440 600.4
1.4480 550.3
1.4520 617.1
1.4560 533.6
1.4600 625.4
1.4640 633.8
1.4680 567.0
1.4720 441.9
1.4760 350.1
1.4800 325.1
1.4840 241.7
1.4880 191.7
1.4920 191.7
1.4960 116.7
1.5000 158.4
1.5040 116.7
1.5080 216.7
1.5120 216.7
1.5160 200.0
1.5200 208.4
1.5240 308.4
1.5280 308.4
1.5320 341.8
1.5360 333.5
1.5400 383.5
1.5440 325.1
1.5480 308.4
1.5520 175.0
1.5560 233.4
1.5600 208.4
1.5640 141.7
1.5680 83.3
1.5720 83.3
1.5760 75.0
1.5800 16.7
1.5840 58.3
1.5880 58.3
1.5920 83.3
1.5960 66.7
1.6000 133.4
1.6040 108.3
1.6080 225.1
1.6120 166.7
1.6160 108.3
1.6200 125.0
1.6240 166.7
1.6280 108.3
1.6320 91.7
1.6360 83.3
1.6400 91.7
1.6440 58.3
1.6480 50.0
1.6520 41.7
1.6560 41.7
1.6600 8.3
1.6640 16.7
1.6680 16.7
1.6720 25.0
1.6760 41.7
1.6800 83.3
1.6840 58.3
1.6880 66.7
1.6920 133.4
1.6960 83.3
1.7000 133.4
1.7040 83.3
1.7080 91.7
1.7120 108.3
1.7160 58.3
1.7200 91.7
1.7240 41.7
1.7280 33.3
1.7320 16.7
1.7360 33.3
1.7400 41.7
1.7440 25.0
1.7480 83.3
1.7520 33.3
1.7560 33.3
1.7600 50.0
1.7640 41.7
1.7680 58.3
1.7720 58.3
1.7760 75.0
1.7800 91.7
1.7840 58.3
1.7880 58.3
1.7920 16.7
1.7960 33.3
1.8000 25.0
1.8040 50.0
1.8080 66.7
1.8120 41.7
1.8160 41.7
1.8200 50.0
1.8240 33.3
1.8280 25.0
1.8320 16.7
1.8360 25.0
1.8400 91.7
1.8440 66.7
1.8480 16.7
1.8520 58.3
1.8560 50.0
1.8600 66.7
1.8640 83.3
1.8680 16.7
1.8720 41.7
1.8760 8.3
1.8800 33.3
1.8840 25.0
1.8880 33.3
1.8920 50.0
1.8960 33.3
1.9000 8.3
1.9040 16.7
1.9080 75.0
1.9120 58.3
1.9160 50.0
1.9200 75.0
1.9240 58.3
1.9280 25.0
1.9320 50.0
1.9360 58.3
1.9400 50.0
1.9440 50.0
1.9480 50.0
1.9520 50.0
1.9560 0.0
1.9600 33.3
1.9640 0.0
1.9680 16.7
1.9720 0.0
1.9760 41.7
1.9800 16.7
1.9840 25.0
1.9880 50.0
1.9920 33.3
1.9960 50.0
2.0000 75.0
2.0040 16.7
2.0080 16.7
2.0120 50.0
2.0160 33.3
2.0200 25.0
2.0240 66.7
2.0280 41.7
2.0320 41.7
2.0360 58.3
2.0400 33.3
2.0440 25.0
2.0480 8.3
2.0520 16.7
2.0560 25.0
2.0600 16.7
2.0640 8.3
2.0680 41.7
2.0720 25.0
2.0760 33.3
2.0800 0.0
2.0840 58.3
2.0880 58.3
2.0920 25.0
2.0960 66.7
2.1000 108.3
2.1040 41.7
2.1080 58.3
2.1120 58.3
2.1160 33.3
2.1200 33.3
2.1240 50.0
2.1280 16.7
2.1320 16.7
2.1360 25.0
2.1400 16.7
2.1440 16.7
2.1480 8.3
2.1520 0.0
2.1560 8.3
2.1600 33.3
2.1640 25.0
2.1680 100.0
2.1720 50.0
2.1760 91.7
2.1800 41.7
2.1840 33.3
2.1880 91.7
2.1920 33.3
2.1960 25.0
2.2000 50.0
2.2040 25.0
2.2080 33.3
2.2120 41.7
2.2160 8.3
2.2200 0.0
2.2240 0.0
2.2280 8.3
2.2320 8.3
2.2360 8.3
2.2400 33.3
2.2440 8.3
2.2480 33.3
2.2520 25.0
2.2560 41.7
2.2600 25.0
2.2640 16.7
2.2680 33.3
2.2720 66.7
2.2760 33.3
2.2800 33.3
2.2840 50.0
2.2880 25.0
2.2920 8.3
2.2960 58.3
2.3000 33.3
2.3040 25.0
2.3080 8.3
2.3120 8.3
2.3160 0.0
2.3200 16.7
2.3240 8.3
2.3280 25.0
2.3320 8.3
2.3360 50.0
2.3400 16.7
2.3440 25.0
2.3480 41.7
2.3520 25.0
2.3560 66.7
2.3600 41.7
2.3640 41.7
2.3680 50.0
2.3720 33.3
2.3760 33.3
2.3800 33.3
2.3840 41.7
2.3880 25.0
2.3920 25.0
2.3960 8.3
2.4000 33.3
2.4040 0.0
2.4080 0.0
2.4120 8.3
2.4160 16.7
2.4200 8.3
2.4240 33.3
2.4280 8.3
2.4320 41.7
2.4360 41.7
2.4400 8.3
2.4440 8.3
2.4480 8.3
2.4520 41.7
2.4560 50.0
2.4600 33.3
2.4640 16.7
2.4680 41.7
2.4720 16.7
2.4760 8.3
2.4800 25.0
2.4840 0.0
2.4880 16.7
2.4920 0.0
2.4960 16.7
2.5000 0.0
2.5040 8.3
2.5080 8.3
2.5120 0.0
2.5160 8.3
2.5200 25.0
2.5240 25.0
2.5280 0.0
2.5320 16.7
2.5360 33.3
2.5400 50.0
2.5440 0.0
2.5480 33.3
2.5520 0.0
2.5560 8.3
2.5600 25.0
2.5640 33.3
2.5680 41.7
2.5720 16.7
2.5760 8.3
2.5800 16.7
2.5840 8.3
2.5880 8.3
2.5920 41.7
2.5960 8.3
2.6000 16.7
2.6040 33.3
2.6080 0.0
2.6120 16.7
2.6160 16.7
2.6200 16.7
2.6240 8.3
2.6280 25.0
2.6320 25.0
2.6360 41.7
2.6400 0.0
2.6440 8.3
2.6480 25.0
2.6520 8.3
2.6560 8.3
2.6600 0.0
2.6640 16.7
2.6680 8.3
2.6720 8.3
2.6760 0.0
2.6800 0.0
2.6840 16.7
2.6880 0.0
2.6920 41.7
2.6960 16.7
2.7000 0.0
2.7040 25.0
2.7080 33.3
2.7120 25.0
2.7160 0.0
2.7200 8.3
2.7240 41.7
2.7280 0.0
2.7320 25.0
2.7360 16.7
2.7400 25.0
2.7440 8.3
2.7480 0.0
2.7520 8.3
2.7560 8.3
2.7600 0.0
2.7640 8.3
2.7680 0.0
2.7720 16.7
2.7760 8.3
2.7800 16.7
2.7840 0.0
2.7880 0.0
2.7920 8.3
2.7960 8.3
2.8000 8.3
2.8040 16.7
2.8080 0.0
2.8120 8.3
2.8160 25.0
2.8200 8.3
2.8240 8.3
2.8280 8.3
2.8320 25.0
2.8360 0.0
2.8400 0.0
2.8440 8.3
2.8480 0.0
2.8520 8.3
2.8560 8.3
2.8600 16.7
2.8640 0.0
2.8680 0.0
2.8720 0.0
2.8760 8.3
2.8800 0.0
2.8840 8.3
2.8880 25.0
2.8920 25.0
2.8960 16.7
2.9000 25.0
2.9040 25.0
2.9080 0.0
2.9120 8.3
2.9160 8.3
2.9200 0.0
2.9240 0.0
2.9280 25.0
2.9320 0.0
2.9360 16.7
2.9400 16.7
2.9440 8.3
2.9480 0.0
2.9520 0.0
2.9560 0.0
2.9600 25.0
2.9640 8.3
2.9680 0.0
2.9720 8.3
2.9760 8.3
2.9800 16.7
2.9840 8.3
2.9880 8.3
2.9920 8.3
2.9960 0.0
3.0000 0.0
3.0040 25.0
3.0080 8.3
3.0120 0.0
3.0160 8.3
3.0200 8.3
3.0240 0.0
3.0280 8.3
3.0320 25.0
3.0360 0.0
3.0400 25.0
3.0440 0.0
3.0480 8.3
3.0520 8.3
3.0560 0.0
3.0600 8.3
3.0640 33.3
3.0680 8.3
3.0720 16.7
3.0760 8.3
3.0800 16.7
3.0840 16.7
3.0880 16.7
3.0920 8.3
3.0960 0.0
3.1000 0.0
3.1040 0.0
3.1080 8.3
3.1120 0.0
3.1160 33.3
3.1200 8.3
3.1240 8.3
3.1280 16.7
3.1320 16.7
3.1360 0.0
3.1400 0.0
3.1440 0.0
3.1480 8.3
3.1520 16.7
3.1560 0.0
3.1600 8.3
3.1640 0.0
3.1680 0.0
3.1720 0.0
3.1760 0.0
3.1800 33.3
3.1840 8.3
3.1880 8.3
3.1920 0.0
3.1960 0.0
3.2000 0.0
3.2040 0.0
3.2080 0.0
3.2120 0.0
3.2160 8.3
3.2200 0.0
3.2240 0.0
3.2280 16.7
3.2320 8.3
3.2360 16.7
3.2400 8.3
3.2440 0.0
3.2480 16.7
3.2520 0.0
3.2560 8.3
3.2600 33.3
3.2640 0.0
3.2680 16.7
3.2720 0.0
3.2760 0.0
3.2800 33.3
3.2840 16.7
3.2880 8.3
3.2920 0.0
3.2960 8.3
3.3000 0.0
3.3040 0.0
3.3080 8.3
3.3120 0.0
3.3160 8.3
3.3200 25.0
3.3240 25.0
3.3280 0.0
3.3320 0.0
3.3360 0.0
3.3400 16.7
3.3440 0.0
3.3480 16.7
3.3520 8.3
3.3560 0.0
3.3600 16.7
3.3640 8.3
3.3680 16.7
3.3720 16.7
3.3760 0.0
3.3800 16.7
3.3840 8.3
3.3880 8.3
3.3920 0.0
3.3960 8.3
3.4000 0.0
3.4040 8.3
3.4080 0.0
3.4120 8.3
3.4160 0.0
3.4200 0.0
3.4240 16.7
3.4280 0.0
3.4320 8.3
3.4360 8.3
3.4400 16.7
3.4440 0.0
3.4480 8.3
3.4520 0.0
3.4560 0.0
3.4600 8.3
3.4640 0.0
3.4680 8.3
3.4720 0.0
3.4760 0.0
3.4800 0.0
3.4840 16.7
3.4880 0.0
3.4920 0.0
3.4960 0.0
3.5000 0.0
3.5040 0.0
3.5080 8.3
3.5120 8.3
3.5160 0.0
3.5200 0.0
3.5240 8.3
3.5280 8.3
3.5320 33.3
3.5360 0.0
3.5400 0.0
3.5440 8.3
3.5480 8.3
3.5520 8.3
3.5560 8.3
3.5600 16.7
3.5640 8.3
3.5680 8.3
3.5720 25.0
3.5760 8.3
3.5800 0.0
3.5840 8.3
3.5880 8.3
3.5920 0.0
3.5960 33.3
3.6000 0.0
3.6040 8.3
3.6080 0.0
3.6120 8.3
3.6160 16.7
3.6200 0.0
3.6240 0.0
3.6280 8.3
3.6320 8.3
3.6360 8.3
3.6400 8.3
3.6440 0.0
3.6480 8.3
3.6520 8.3
3.6560 8.3
3.6600 0.0
3.6640 0.0
3.6680 0.0
3.6720 16.7
3.6760 0.0
3.6800 8.3
3.6840 8.3
3.6880 8.3
3.6920 8.3
3.6960 8.3
3.7000 16.7
3.7040 8.3
3.7080 0.0
3.7120 8.3
3.7160 8.3
3.7200 0.0
3.7240 0.0
3.7280 0.0
3.7320 41.7
3.7360 8.3
3.7400 8.3
3.7440 8.3
3.7480 0.0
3.7520 0.0
3.7560 8.3
3.7600 0.0
3.7640 16.7
3.7680 0.0
3.7720 0.0
3.7760 0.0
3.7800 16.7
3.7840 8.3
3.7880 0.0
3.7920 0.0
3.7960 0.0
3.8000 0.0
3.8040 0.0
3.8080 0.0
3.8120 0.0
3.8160 0.0
3.8200 0.0
3.8240 16.7
3.8280 0.0
3.8320 16.7
3.8360 0.0
3.8400 0.0
3.8440 16.7
3.8480 0.0
3.8520 16.7
3.8560 0.0
3.8600 8.3
3.8640 8.3
3.8680 16.7
3.8720 8.3
3.8760 0.0
3.8800 0.0
3.8840 8.3
3.8880 0.0
3.8920 16.7
3.8960 0.0
3.9000 16.7
3.9040 0.0
3.9080 0.0
3.9120 0.0
3.9160 0.0
3.9200 0.0
3.9240 0.0
3.9280 8.3
3.9320 8.3
3.9360 8.3
3.9400 33.3
3.9440 0.0
3.9480 0.0
3.9520 0.0
3.9560 0.0
3.9600 8.3
3.9640 8.3
3.9680 0.0
3.9720 16.7
3.9760 8.3
3.9800 0.0
3.9840 16.7
3.9880 8.3
3.9920 0.0
3.9960 8.3
4.0000 8.3
4.0040 0.0
4.0080 8.3
4.0120 0.0
4.0160 0.0
4.0200 8.3
4.0240 0.0
4.0280 0.0
4.0320 0.0
4.0360 0.0
4.0400 0.0
4.0440 0.0
4.0480 16.7
4.0520 0.0
4.0560 16.7
4.0600 8.3
4.0640 8.3
4.0680 16.7
4.0720 8.3
4.0760 0.0
4.0800 25.0
4.0840 8.3
4.0880 0.0
4.0920 16.7
4.0960 0.0
4.1000 8.3
4.1040 0.0
4.1080 0.0
4.1120 0.0
4.1160 8.3
4.1200 0.0
4.1240 0.0
4.1280 8.3
4.1320 0.0
4.1360 8.3
4.1400 0.0
4.1440 0.0
4.1480 0.0
4.1520 0.0
4.1560 0.0
4.1600 0.0
4.1640 8.3
4.1680 0.0
4.1720 0.0
4.1760 8.3
4.1800 0.0
4.1840 25.0
4.1880 0.0
4.1920 0.0
4.1960 8.3
4.2000 0.0
4.2040 0.0
4.2080 8.3
4.2120 16.7
4.2160 0.0
4.2200 0.0
4.2240 0.0
4.2280 8.3
4.2320 0.0
4.2360 8.3
4.2400 0.0
4.2440 8.3
4.2480 0.0
4.2520 8.3
4.2560 8.3
4.2600 8.3
4.2640 0.0
4.2680 0.0
4.2720 0.0
4.2760 0.0
4.2800 8.3
4.2840 8.3
4.2880 0.0
4.2920 16.7
4.2960 0.0
4.3000 0.0
4.3040 0.0
4.3080 0.0
4.3120 0.0
4.3160 0.0
4.3200 0.0
4.3240 25.0
4.3280 8.3
4.3320 8.3
4.3360 0.0
4.3400 0.0
4.3440 8.3
4.3480 0.0
4.3520 0.0
4.3560 0.0
4.3600 0.0
4.3640 0.0
4.3680 8.3
4.3720 0.0
4.3760 0.0
4.3800 0.0
4.3840 8.3
4.3880 0.0
4.3920 0.0
4.3960 8.3
4.4000 0.0
4.4040 0.0
4.4080 8.3
4.4120 0.0
4.4160 0.0
4.4200 8.3
4.4240 8.3
4.4280 0.0
4.4320 0.0
4.4360 0.0
4.4400 16.7
4.4440 8.3
4.4480 8.3
4.4520 0.0
4.4560 8.3
4.4600 8.3
4.4640 0.0
4.4680 0.0
4.4720 16.7
4.4760 0.0
4.4800 8.3
4.4840 0.0
4.4880 8.3
4.4920 16.7
4.4960 0.0
4.5000 8.3
4.5040 8.3
4.5080 0.0
4.5120 0.0
4.5160 0.0
4.5200 0.0
4.5240 0.0
4.5280 0.0
4.5320 0.0
4.5360 8.3
4.5400 0.0
4.5440 0.0
4.5480 0.0
4.5520 0.0
4.5560 0.0
4.5600 8.3
4.5640 8.3
4.5680 0.0
4.5720 0.0
4.5760 0.0
4.5800 0.0
4.5840 8.3
4.5880 0.0
4.5920 0.0
4.5960 0.0
4.6000 0.0
4.6040 0.0
4.6080 8.3
4.6120 0.0
4.6160 8.3
4.6200 0.0
4.6240 0.0
4.6280 0.0
4.6320 8.3
4.6360 8.3
4.6400 8.3
4.6440 0.0
4.6480 8.3
4.6520 8.3
4.6560 0.0
4.6600 8.3
4.6640 0.0
4.6680 0.0
4.6720 0.0
4.6760 0.0
4.6800 8.3
4.6840 0.0
4.6880 0.0
4.6920 0.0
4.6960 0.0
4.7000 0.0
4.7040 0.0
4.7080 0.0
4.7120 8.3
4.7160 0.0
4.7200 16.7
4.7240 0.0
4.7280 8.3
4.7320 8.3
4.7360 0.0
4.7400 0.0
4.7440 0.0
4.7480 8.3
4.7520 0.0
4.7560 16.7
4.7600 0.0
4.7640 0.0
4.7680 0.0
4.7720 0.0
4.7760 8.3
4.7800 0.0
4.7840 8.3
4.7880 0.0
4.7920 0.0
4.7960 0.0
4.8000 8.3
4.8040 0.0
4.8080 0.0
4.8120 0.0
4.8160 0.0
4.8200 0.0
4.8240 0.0
4.8280 0.0
4.8320 0.0
4.8360 8.3
4.8400 0.0
4.8440 0.0
4.8480 0.0
4.8520 8.3
4.8560 0.0
4.8600 0.0
4.8640 0.0
4.8680 0.0
4.8720 0.0
4.8760 8.3
4.8800 0.0
4.8840 8.3
4.8880 0.0
4.8920 0.0
4.8960 8.3
4.9000 0.0
4.9040 8.3
4.9080 0.0
4.9120 0.0
4.9160 0.0
4.9200 0.0
4.9240 0.0
4.9280 8.3
4.9320 0.0
4.9360 8.3
4.9400 0.0
4.9440 0.0
4.9480 0.0
4.9520 0.0
4.9560 0.0
4.9600 0.0
4.9640 0.0
4.9680 0.0
4.9720 0.0
4.9760 0.0
4.9800 0.0
4.9840 0.0
4.9880 8.3
4.9920 16.7
4.9960 0.0
5.0000 0.0
5.0040 8.3
5.0080 0.0
5.0120 0.0
5.0160 0.0
5.0200 0.0
5.0240 0.0
5.0280 8.3
5.0320 16.7
5.0360 0.0
5.0400 8.3
5.0440 0.0
5.0480 0.0
5.0520 0.0
5.0560 8.3
5.0600 0.0
5.0640 0.0
5.0680 0.0
5.0720 25.0
5.0760 0.0
5.0800 8.3
5.0840 16.7
5.0880 0.0
5.0920 0.0
5.0960 0.0
5.1000 0.0
5.1040 25.0
5.1080 0.0
5.1120 8.3
5.1160 16.7
5.1200 0.0
5.1240 0.0
5.1280 16.7
5.1320 0.0
5.1360 0.0
5.1400 8.3
5.1440 0.0
5.1480 8.3
5.1520 8.3
5.1560 8.3
5.1600 0.0
5.1640 16.7
5.1680 8.3
5.1720 0.0
5.1760 8.3
5.1800 0.0
5.1840 8.3
5.1880 0.0
5.1920 0.0
5.1960 0.0
5.2000 0.0
5.2040 0.0
5.2080 0.0
5.2120 0.0
5.2160 16.7
5.2200 0.0
5.2240 0.0
5.2280 0.0
5.2320 0.0
5.2360 8.3
5.2400 0.0
5.2440 0.0
5.2480 8.3
5.2520 0.0
5.2560 0.0
5.2600 0.0
5.2640 0.0
5.2680 8.3
5.2720 0.0
5.2760 0.0
5.2800 0.0
5.2840 0.0
5.2880 0.0
5.2920 8.3
5.2960 0.0
5.3000 0.0
5.3040 8.3
5.3080 0.0
5.3120 0.0
5.3160 0.0
5.3200 8.3
5.3240 0.0
5.3280 0.0
5.3320 0.0
5.3360 0.0
5.3400 16.7
5.3440 0.0
5.3480 8.3
5.3520 0.0
5.3560 8.3
5.3600 0.0
5.3640 16.7
5.3680 8.3
5.3720 0.0
5.3760 0.0
5.3800 8.3
5.3840 0.0
5.3880 8.3
5.3920 0.0
5.3960 0.0
5.4000 8.3
5.4040 16.7
5.4080 16.7
5.4120 0.0
5.4160 0.0
5.4200 0.0
5.4240 8.3
5.4280 0.0
5.4320 0.0
5.4360 0.0
5.4400 0.0
5.4440 0.0
5.4480 16.7
5.4520 0.0
5.4560 0.0
5.4600 8.3
5.4640 0.0
5.4680 8.3
5.4720 0.0
5.4760 0.0
5.4800 0.0
5.4840 0.0
5.4880 0.0
5.4920 25.0
5.4960 8.3
5.5000 0.0
5.5040 8.3
5.5080 0.0
5.5120 0.0
5.5160 8.3
5.5200 8.3
5.5240 0.0
5.5280 8.3
5.5320 0.0
5.5360 8.3
5.5400 0.0
5.5440 0.0
5.5480 0.0
5.5520 16.7
5.5560 8.3
5.5600 0.0
5.5640 0.0
5.5680 8.3
5.5720 0.0
5.5760 8.3
5.5800 0.0
5.5840 8.3
5.5880 0.0
5.5920 0.0
5.5960 0.0
5.6000 16.7
5.6040 0.0
5.6080 0.0
5.6120 0.0
5.6160 8.3
5.6200 0.0
5.6240 8.3
5.6280 0.0
5.6320 0.0
5.6360 0.0
5.6400 0.0
5.6440 0.0
5.6480 0.0
5.6520 0.0
5.6560 16.7
5.6600 0.0
5.6640 0.0
5.6680 0.0
5.6720 0.0
5.6760 8.3
5.6800 0.0
5.6840 0.0
5.6880 0.0
5.6920 0.0
5.6960 0.0
5.7000 0.0
5.7040 0.0
5.7080 0.0
5.7120 8.3
5.7160 0.0
5.7200 0.0
5.7240 16.7
5.7280 16.7
5.7320 8.3
5.7360 8.3
5.7400 0.0
5.7440 0.0
5.7480 0.0
5.7520 0.0
5.7560 8.3
5.7600 16.7
5.7640 0.0
5.7680 8.3
5.7720 0.0
5.7760 8.3
5.7800 8.3
5.7840 8.3
5.7880 0.0
5.7920 0.0
5.7960 0.0
5.8000 0.0
5.8040 0.0
5.8080 8.3
5.8120 0.0
5.8160 8.3
5.8200 0.0
5.8240 0.0
5.8280 8.3
5.8320 0.0
5.8360 0.0
5.8400 0.0
5.8440 8.3
5.8480 0.0
5.8520 8.3
5.8560 8.3
5.8600 25.0
5.8640 0.0
5.8680 0.0
5.8720 0.0
5.8760 0.0
5.8800 0.0
5.8840 0.0
5.8880 0.0
5.8920 0.0
5.8960 0.0
5.9000 0.0
5.9040 0.0
5.9080 0.0
5.9120 0.0
5.9160 8.3
5.9200 8.3
5.9240 0.0
5.9280 0.0
5.9320 16.7
5.9360 8.3
5.9400 8.3
5.9440 8.3
5.9480 8.3
5.9520 8.3
5.9560 8.3
5.9600 0.0
5.9640 0.0
5.9680 8.3
5.9720 8.3
5.9760 8.3
5.9800 8.3
5.9840 0.0
5.9880 0.0
5.9920 16.7
5.9960 0.0
6.0000 0.0
