;Bundle  0 0
;Partition          = 1
;Operator           = 
;Gonio              = ATX-G
;Memo               = 
;IncidentMonochro   = ½Ø¯ÄºØÒ°¼®Ý
;CounterMonochro    = ŽóŒõ½Ø¯Ä
;Attachment         = XY-STAGE
;Filter             = 
;SlitName0          = S1 10*1
;SlitName1          = S2 2*0.05
;SlitName2          = ATT 
;SlitName3          = RS 2*0.1
;SlitName4          = GS nothing
;Counter            = SC-70
;KAlpha1            = 1.5403
;KAlpha2            = 1.5434
;KBata              = 0
;Target             = Cu
;KV                 = 50
;mA                 = 300
;AxisName           = 2Theta/Omega
;MeasurementMethod = Continuation
;Start              = 0.2
;Finish             = 6
;Speed              = 2
;FixedTime          = 
;Width              = 0.004
;FullScale         = 1e+07
;Comment            = 0.35
;SampleName         = 
;Xunit              = deg.
;Yunit              = CPS
0.2000 1402168.0
0.2040 1407283.5
0.2080 1459997.0
0.2120 1478129.9
0.2160 1475634.2
0.2200 1520524.2
0.2240 1572695.2
0.2280 1582189.2
0.2320 1588817.6
0.2360 1618051.2
0.2400 1644377.6
0.2440 1677648.4
0.2480 1730655.4
0.2520 1720256.8
0.2560 1792247.0
0.2600 1783353.0
0.2640 1827354.1
0.2680 1858221.8
0.2720 1867103.1
0.2760 1900388.1
0.2800 1934089.5
0.2840 1929656.9
0.2880 1973077.5
0.2920 2021385.2
0.2960 2018537.1
0.3000 2034062.6
0.3040 2096385.0
0.3080 2188252.2
0.3120 2132839.0
0.3160 2190187.8
0.3200 2227801.8
0.3240 2268814.5
0.3280 2302563.8
0.3320 2342491.2
0.3360 2358538.8
0.3400 2381145.8
0.3440 2428885.8
0.3480 2446646.5
0.3520 2483143.5
0.3560 2472398.5
0.3600 2523768.5
0.3640 2550961.5
0.3680 2555689.2
0.3720 2607719.8
0.3760 2695598.0
0.3800 2757430.5
0.3840 2748581.2
0.3880 2770123.8
0.3920 2797613.5
0.3960 2798368.2
0.4000 2870114.5
0.4040 2909541.0
0.4080 2947758.2
0.4120 2945832.2
0.4160 3004374.5
0.4200 3026319.5
0.4240 2988874.5
0.4280 3064352.8
0.4320 3071911.5
0.4360 3142245.8
0.4400 3162258.0
0.4440 3206628.0
0.4480 3250560.8
0.4520 3242403.5
0.4560 3280111.8
0.4600 3339485.5
0.4640 3332118.5
0.4680 3374787.2
0.4720 3387629.0
0.4760 3408240.0
0.4800 3412032.8
0.4840 3460951.8
0.4880 3492545.5
0.4920 3486188.5
0.4960 3552010.0
0.5000 3601519.5
0.5040 3644801.2
0.5080 3636736.8
0.5120 3713231.5
0.5160 3665244.2
0.5200 3710913.2
0.5240 3757322.2
0.5280 3745840.0
0.5320 3743622.2
0.5360 3812884.0
0.5400 3807274.0
0.5440 3905715.0
0.5480 3809198.2
0.5520 3861806.2
0.5560 3864289.0
0.5600 3895959.2
0.5640 3859211.5
0.5680 3944299.0
0.5720 3888823.5
0.5760 3930785.5
0.5800 3977483.5
0.5840 3970234.8
0.5880 3997044.5
0.5920 4030814.8
0.5960 4047787.2
0.6000 4028818.2
0.6040 4057359.5
0.6080 3979771.5
0.6120 4075049.0
0.6160 4013971.0
0.6200 4046718.2
0.6240 4016214.2
0.6280 4008614.5
0.6320 4027425.2
0.6360 3998534.8
0.6400 3995986.5
0.6440 3981592.0
0.6480 3957736.0
0.6520 3938266.0
0.6560 3876241.8
0.6600 3870157.8
0.6640 3867632.0
0.6680 3858233.5
0.6720 3913174.8
0.6760 3803573.2
0.6800 3805955.5
0.6840 3796852.5
0.6880 3685313.0
0.6920 3674732.0
0.6960 3646040.8
0.7000 3550438.2
0.7040 3566787.5
0.7080 3385711.2
0.7120 3437227.8
0.7160 3267149.0
0.7200 3195881.5
0.7240 3162917.0
0.7280 3088241.2
0.7320 2990741.5
0.7360 2919055.8
0.7400 2806491.5
0.7440 2707566.8
0.7480 2582566.2
0.7520 2500105.2
0.7560 2377506.0
0.7600 2271393.0
0.7640 2129938.2
0.7680 2019575.9
0.7720 1978673.2
0.7760 1843187.8
0.7800 1753085.2
0.7840 1669290.4
0.7880 1574863.8
0.7920 1493143.1
0.7960 1409750.4
0.8000 1344624.5
0.8040 1256894.8
0.8080 1213925.9
0.8120 1144627.2
0.8160 1069699.2
0.8200 1006993.9
0.8240 969659.2
0.8280 922819.2
0.8320 883260.3
0.8360 843830.5
0.8400 808678.6
0.8440 753906.8
0.8480 710157.6
0.8520 672578.7
0.8560 666812.1
0.8600 632059.1
0.8640 593261.2
0.8680 573722.6
0.8720 547710.5
0.8760 530862.1
0.8800 501277.5
0.8840 496750.6
0.8880 478529.3
0.8920 457603.5
0.8960 445048.4
0.9000 424320.5
0.9040 407026.8
0.9080 391524.1
0.9120 377191.6
0.9160 361259.8
0.9200 344585.3
0.9240 328718.4
0.9280 308189.8
0.9320 302633.4
0.9360 292927.7
0.9400 278441.8
0.9440 269904.3
0.9480 259217.6
0.9520 252097.3
0.9560 247717.2
0.9600 242888.1
0.9640 234766.9
0.9680 219319.7
0.9720 209727.8
0.9760 202250.2
0.9800 188917.5
0.9840 186161.8
0.9880 173333.0
0.9920 170570.2
0.9960 164342.9
1.0000 159674.4
1.0040 156717.8
1.0080 149505.5
1.0120 150790.1
1.0160 148650.7
1.0200 141565.1
1.0240 140124.1
1.0280 133231.4
1.0320 125665.6
1.0360 119641.2
1.0400 111063.3
1.0440 104027.1
1.0480 98759.5
1.0520 97222.2
1.0560 93964.2
1.0600 86764.0
1.0640 84887.9
1.0680 85008.4
1.0720 84977.2
1.0760 82534.8
1.0800 81969.1
1.0840 79278.9
1.0880 76138.5
1.0920 74943.7
1.0960 72055.3
1.1000 66475.9
1.1040 62019.6
1.1080 58785.2
1.1120 54378.7
1.1160 51626.3
1.1200 48318.5
1.1240 45334.4
1.1280 46013.9
1.1320 44346.2
1.1360 46048.3
1.1400 44386.9
1.1440 44873.0
1.1480 44322.9
1.1520 44421.5
1.1560 42196.0
1.1600 41155.0
1.1640 37078.4
1.1680 35672.4
1.1720 33524.6
1.1760 29655.9
1.1800 26623.5
1.1840 25228.4
1.1880 22514.8
1.1920 23084.4
1.1960 22616.0
1.2000 22110.9
1.2040 22564.4
1.2080 21813.1
1.2120 22722.6
1.2160 23820.4
1.2200 22278.0
1.2240 23342.0
1.2280 22783.1
1.2320 21423.3
1.2360 20104.5
1.2400 18245.3
1.2440 17190.0
1.2480 14248.4
1.2520 13350.1
1.2560 12262.7
1.2600 11074.9
1.2640 10882.5
1.2680 9569.8
1.2720 9837.0
1.2760 10590.0
1.2800 10960.2
1.2840 11687.4
1.2880 11214.7
1.2920 11725.7
1.2960 12122.5
1.3000 11994.3
1.3040 11419.3
1.3080 10742.9
1.3120 9569.8
1.3160 9378.4
1.3200 7051.6
1.3240 6404.0
1.3280 6036.3
1.3320 5212.7
1.3360 4579.6
1.3400 4276.0
1.3440 3972.3
1.3480 4313.7
1.3520 4858.2
1.3560 4972.0
1.3600 5060.8
1.3640 6061.8
1.3680 5922.1
1.3720 6036.2
1.3760 5503.9
1.3800 5402.6
1.3840 5516.4
1.3880 4895.8
1.3920 4402.3
1.3960 3605.7
1.4000 3454.2
1.4040 2986.8
1.4080 2166.4
1.4120 1775.5
1.4160 1649.4
1.4200 1725.1
1.4240 1586.4
1.4280 1548.6
1.4320 1964.6
1.4360 2317.7
1.4400 2330.4
1.4440 2544.9
1.4480 2999.3
1.4520 2936.2
1.4560 3075.1
1.4600 2873.1
1.4640 2582.8
1.4680 2330.4
1.4720 2065.5
1.4760 1699.9
1.4800 1599.0
1.4840 1107.6
1.4880 855.7
1.4920 666.9
1.4960 641.7
1.5000 578.8
1.5040 729.9
1.5080 742.4
1.5120 792.8
1.5160 830.5
1.5200 969.1
1.5240 1258.7
1.5280 1321.8
1.5320 1372.2
1.5360 1460.3
1.5400 1283.9
1.5440 1019.5
1.5480 1170.6
1.5520 918.7
1.5560 906.1
1.5600 591.3
1.5640 452.9
1.5680 239.1
1.5720 163.5
1.5760 150.9
1.5800 226.4
1.5840 176.1
1.5880 150.9
1.5920 264.1
1.5960 289.3
1.6000 465.4
1.6040 503.2
1.6080 553.6
1.6120 616.5
1.6160 755.1
1.6200 490.7
1.6240 641.7
1.6280 440.4
1.6320 452.9
1.6360 503.2
1.6400 301.8
1.6440 289.3
1.6480 138.4
1.6520 239.1
1.6560 100.7
1.6600 75.5
1.6640 25.2
1.6680 75.5
1.6720 138.4
1.6760 50.3
1.6800 125.7
1.6840 264.1
1.6880 352.3
1.6920 150.9
1.6960 289.3
1.7000 390.0
1.7040 352.3
1.7080 176.1
1.7120 176.1
1.7160 239.1
1.7200 176.1
1.7240 138.4
1.7280 125.7
1.7320 50.3
1.7360 100.7
1.7400 37.7
1.7440 88.0
1.7480 88.0
1.7520 113.2
1.7560 125.7
1.7600 88.0
1.7640 163.5
1.7680 150.9
1.7720 213.9
1.7760 188.7
1.7800 88.0
1.7840 176.1
1.7880 138.4
1.7920 226.4
1.7960 138.4
1.8000 150.9
1.8040 88.0
1.8080 150.9
1.8120 75.5
1.8160 75.5
1.8200 88.0
1.8240 88.0
1.8280 62.9
1.8320 50.3
1.8360 125.7
1.8400 113.2
1.8440 150.9
1.8480 113.2
1.8520 88.0
1.8560 125.7
1.8600 62.9
1.8640 75.5
1.8680 100.7
1.8720 88.0
1.8760 50.3
1.8800 88.0
1.8840 50.3
1.8880 75.5
1.8920 125.7
1.8960 37.7
1.9000 66.7
1.9040 91.7
1.9080 75.0
1.9120 112.5
1.9160 145.9
1.9200 95.8
1.9240 116.7
1.9280 166.7
1.9320 150.0
1.9360 145.9
1.9400 141.7
1.9440 112.5
1.9480 79.2
1.9520 50.0
1.9560 70.8
1.9600 58.3
1.9640 54.2
1.9680 33.3
1.9720 45.8
1.9760 33.3
1.9800 37.5
1.9840 45.8
1.9880 75.0
1.9920 95.8
1.9960 95.8
2.0000 116.7
2.0040 150.0
2.0080 145.9
2.0120 162.5
2.0160 195.9
2.0200 166.7
2.0240 150.0
2.0280 154.2
2.0320 125.0
2.0360 112.5
2.0400 62.5
2.0440 95.8
2.0480 41.7
2.0520 37.5
2.0560 20.8
2.0600 37.5
2.0640 29.2
2.0680 37.5
2.0720 58.3
2.0760 79.2
2.0800 79.2
2.0840 116.7
2.0880 133.4
2.0920 150.0
2.0960 141.7
2.1000 195.9
2.1040 225.1
2.1080 150.0
2.1120 129.2
2.1160 141.7
2.1200 170.9
2.1240 116.7
2.1280 83.3
2.1320 70.8
2.1360 54.2
2.1400 29.2
2.1440 29.2
2.1480 20.8
2.1520 37.5
2.1560 50.0
2.1600 79.2
2.1640 112.5
2.1680 120.8
2.1720 129.2
2.1760 179.2
2.1800 212.5
2.1840 170.9
2.1880 258.4
2.1920 170.9
2.1960 225.1
2.2000 229.2
2.2040 216.7
2.2080 141.7
2.2120 112.5
2.2160 120.8
2.2200 79.2
2.2240 37.5
2.2280 58.3
2.2320 20.8
2.2360 33.3
2.2400 45.8
2.2440 41.7
2.2480 62.5
2.2520 79.2
2.2560 158.4
2.2600 125.0
2.2640 208.4
2.2680 237.6
2.2720 233.4
2.2760 254.2
2.2800 325.1
2.2840 283.4
2.2880 300.1
2.2920 233.4
2.2960 120.8
2.3000 133.4
2.3040 108.3
2.3080 104.2
2.3120 58.3
2.3160 45.8
2.3200 50.0
2.3240 37.5
2.3280 33.3
2.3320 58.3
2.3360 95.8
2.3400 104.2
2.3440 150.0
2.3480 158.4
2.3520 179.2
2.3560 216.7
2.3600 320.9
2.3640 287.6
2.3680 346.0
2.3720 279.2
2.3760 229.2
2.3800 212.5
2.3840 258.4
2.3880 154.2
2.3920 208.4
2.3960 95.8
2.4000 83.3
2.4040 83.3
2.4080 66.7
2.4120 41.7
2.4160 37.5
2.4200 87.5
2.4240 79.2
2.4280 116.7
2.4320 141.7
2.4360 141.7
2.4400 237.6
2.4440 250.1
2.4480 350.1
2.4520 316.8
2.4560 270.9
2.4600 354.3
2.4640 304.3
2.4680 350.1
2.4720 233.4
2.4760 233.4
2.4800 170.9
2.4840 120.8
2.4880 133.4
2.4920 120.8
2.4960 66.7
2.5000 33.3
2.5040 66.7
2.5080 50.0
2.5120 91.7
2.5160 133.4
2.5200 133.4
2.5240 137.5
2.5280 216.7
2.5320 237.6
2.5360 275.1
2.5400 225.1
2.5440 233.4
2.5480 350.1
2.5520 300.1
2.5560 304.3
2.5600 300.1
2.5640 208.4
2.5680 195.9
2.5720 212.5
2.5760 162.5
2.5800 95.8
2.5840 95.8
2.5880 41.7
2.5920 58.3
2.5960 66.7
2.6000 70.8
2.6040 91.7
2.6080 95.8
2.6120 95.8
2.6160 162.5
2.6200 245.9
2.6240 266.7
2.6280 366.8
2.6320 341.8
2.6360 333.4
2.6400 254.2
2.6440 295.9
2.6480 266.7
2.6520 220.9
2.6560 220.9
2.6600 183.4
2.6640 195.9
2.6680 125.0
2.6720 95.8
2.6760 95.8
2.6800 37.5
2.6840 66.7
2.6880 79.2
2.6920 91.7
2.6960 120.8
2.7000 116.7
2.7040 133.4
2.7080 191.7
2.7120 229.2
2.7160 270.9
2.7200 329.3
2.7240 237.6
2.7280 400.2
2.7320 337.6
2.7360 212.5
2.7400 254.2
2.7440 250.1
2.7480 170.9
2.7520 212.5
2.7560 183.4
2.7600 100.0
2.7640 95.8
2.7680 62.5
2.7720 75.0
2.7760 58.3
2.7800 104.2
2.7840 62.5
2.7880 129.2
2.7920 133.4
2.7960 162.5
2.8000 170.9
2.8040 250.1
2.8080 237.6
2.8120 283.4
2.8160 295.9
2.8200 304.3
2.8240 287.6
2.8280 245.9
2.8320 237.6
2.8360 187.5
2.8400 204.2
2.8440 154.2
2.8480 112.5
2.8520 79.2
2.8560 66.7
2.8600 70.8
2.8640 79.2
2.8680 62.5
2.8720 58.3
2.8760 87.5
2.8800 150.0
2.8840 116.7
2.8880 208.4
2.8920 195.9
2.8960 237.6
2.9000 283.4
2.9040 187.5
2.9080 291.8
2.9120 266.7
2.9160 212.5
2.9200 291.8
2.9240 208.4
2.9280 187.5
2.9320 162.5
2.9360 133.4
2.9400 141.7
2.9440 70.8
2.9480 95.8
2.9520 70.8
2.9560 66.7
2.9600 58.3
2.9640 70.8
2.9680 87.5
2.9720 100.0
2.9760 125.0
2.9800 141.7
2.9840 183.4
2.9880 229.2
2.9920 208.4
2.9960 191.7
3.0000 212.5
3.0040 241.7
3.0080 279.2
3.0120 216.7
3.0160 208.4
3.0200 166.7
3.0240 187.5
3.0280 133.4
3.0320 120.8
3.0360 95.8
3.0400 79.2
3.0440 54.2
3.0480 58.3
3.0520 75.0
3.0560 79.2
3.0600 95.8
3.0640 79.2
3.0680 183.4
3.0720 141.7
3.0760 237.6
3.0800 179.2
3.0840 220.9
3.0880 191.7
3.0920 220.9
3.0960 225.1
3.1000 225.1
3.1040 183.4
3.1080 220.9
3.1120 170.9
3.1160 183.4
3.1200 120.8
3.1240 108.3
3.1280 62.5
3.1320 79.2
3.1360 87.5
3.1400 54.2
3.1440 108.3
3.1480 62.5
3.1520 70.8
3.1560 79.2
3.1600 112.5
3.1640 162.5
3.1680 133.4
3.1720 170.9
3.1760 212.5
3.1800 229.2
3.1840 175.0
3.1880 162.5
3.1920 137.5
3.1960 158.4
3.2000 187.5
3.2040 162.5
3.2080 112.5
3.2120 116.7
3.2160 95.8
3.2200 91.7
3.2240 66.7
3.2280 70.8
3.2320 62.5
3.2360 70.8
3.2400 70.8
3.2440 66.7
3.2480 100.0
3.2520 100.0
3.2560 112.5
3.2600 158.4
3.2640 191.7
3.2680 208.4
3.2720 162.5
3.2760 237.6
3.2800 204.2
3.2840 200.0
3.2880 166.7
3.2920 75.0
3.2960 150.0
3.3000 116.7
3.3040 62.5
3.3080 95.8
3.3120 79.2
3.3160 79.2
3.3200 54.2
3.3240 83.3
3.3280 37.5
3.3320 75.0
3.3360 41.7
3.3400 79.2
3.3440 83.3
3.3480 133.4
3.3520 100.0
3.3560 125.0
3.3600 154.2
3.3640 120.8
3.3680 170.9
3.3720 154.2
3.3760 145.9
3.3800 141.7
3.3840 158.4
3.3880 125.0
3.3920 83.3
3.3960 62.5
3.4000 79.2
3.4040 70.8
3.4080 58.3
3.4120 41.7
3.4160 50.0
3.4200 62.5
3.4240 54.2
3.4280 83.3
3.4320 91.7
3.4360 112.5
3.4400 100.0
3.4440 133.4
3.4480 179.2
3.4520 141.7
3.4560 129.2
3.4600 120.8
3.4640 150.0
3.4680 133.4
3.4720 154.2
3.4760 120.8
3.4800 158.4
3.4840 66.7
3.4880 62.5
3.4920 83.3
3.4960 45.8
3.5000 54.2
3.5040 54.2
3.5080 25.0
3.5120 45.8
3.5160 41.7
3.5200 54.2
3.5240 91.7
3.5280 62.5
3.5320 133.4
3.5360 108.3
3.5400 145.9
3.5440 116.7
3.5480 158.4
3.5520 137.5
3.5560 129.2
3.5600 141.7
3.5640 145.9
3.5680 150.0
3.5720 104.2
3.5760 108.3
3.5800 108.3
3.5840 45.8
3.5880 75.0
3.5920 79.2
3.5960 41.7
3.6000 54.2
3.6040 54.2
3.6080 87.5
3.6120 54.2
3.6160 62.5
3.6200 91.7
3.6240 100.0
3.6280 108.3
3.6320 100.0
3.6360 191.7
3.6400 104.2
3.6440 170.9
3.6480 100.0
3.6520 79.2
3.6560 125.0
3.6600 91.7
3.6640 91.7
3.6680 70.8
3.6720 50.0
3.6760 70.8
3.6800 66.7
3.6840 41.7
3.6880 37.5
3.6920 37.5
3.6960 66.7
3.7000 45.8
3.7040 37.5
3.7080 45.8
3.7120 79.2
3.7160 54.2
3.7200 87.5
3.7240 125.0
3.7280 100.0
3.7320 112.5
3.7360 129.2
3.7400 104.2
3.7440 100.0
3.7480 83.3
3.7520 75.0
3.7560 62.5
3.7600 41.7
3.7640 45.8
3.7680 54.2
3.7720 62.5
3.7760 33.3
3.7800 45.8
3.7840 33.3
3.7880 33.3
3.7920 41.7
3.7960 33.3
3.8000 41.7
3.8040 41.7
3.8080 70.8
3.8120 83.3
3.8160 75.0
3.8200 79.2
3.8240 87.5
3.8280 87.5
3.8320 75.0
3.8360 100.0
3.8400 66.7
3.8440 70.8
3.8480 66.7
3.8520 50.0
3.8560 75.0
3.8600 37.5
3.8640 29.2
3.8680 25.0
3.8720 20.8
3.8760 20.8
3.8800 20.8
3.8840 33.3
3.8880 45.8
3.8920 66.7
3.8960 70.8
3.9000 54.2
3.9040 75.0
3.9080 70.8
3.9120 100.0
3.9160 120.8
3.9200 75.0
3.9240 75.0
3.9280 66.7
3.9320 54.2
3.9360 66.7
3.9400 45.8
3.9440 37.5
3.9480 25.0
3.9520 50.0
3.9560 37.5
3.9600 20.8
3.9640 41.7
3.9680 25.0
3.9720 20.8
3.9760 29.2
3.9800 33.3
3.9840 37.5
3.9880 58.3
3.9920 62.5
3.9960 79.2
4.0000 95.8
4.0040 54.2
4.0080 45.8
4.0120 41.7
4.0160 79.2
4.0200 70.8
4.0240 62.5
4.0280 50.0
4.0320 45.8
4.0360 45.8
4.0400 37.5
4.0440 33.3
4.0480 50.0
4.0520 37.5
4.0560 20.8
4.0600 25.0
4.0640 33.3
4.0680 33.3
4.0720 33.3
4.0760 45.8
4.0800 50.0
4.0840 50.0
4.0880 45.8
4.0920 62.5
4.0960 70.8
4.1000 62.5
4.1040 54.2
4.1080 50.0
4.1120 45.8
4.1160 58.3
4.1200 37.5
4.1240 54.2
4.1280 41.7
4.1320 33.3
4.1360 16.7
4.1400 41.7
4.1440 20.8
4.1480 25.0
4.1520 41.7
4.1560 29.2
4.1600 33.3
4.1640 12.5
4.1680 37.5
4.1720 79.2
4.1760 33.3
4.1800 58.3
4.1840 37.5
4.1880 37.5
4.1920 54.2
4.1960 29.2
4.2000 54.2
4.2040 41.7
4.2080 41.7
4.2120 50.0
4.2160 20.8
4.2200 25.0
4.2240 8.3
4.2280 29.2
4.2320 29.2
4.2360 41.7
4.2400 12.5
4.2440 20.8
4.2480 16.7
4.2520 37.5
4.2560 12.5
4.2600 20.8
4.2640 45.8
4.2680 20.8
4.2720 58.3
4.2760 41.7
4.2800 62.5
4.2840 33.3
4.2880 50.0
4.2920 41.7
4.2960 50.0
4.3000 41.7
4.3040 37.5
4.3080 41.7
4.3120 12.5
4.3160 8.3
4.3200 37.5
4.3240 8.3
4.3280 12.5
4.3320 12.5
4.3360 8.3
4.3400 12.5
4.3440 29.2
4.3480 25.0
4.3520 33.3
4.3560 45.8
4.3600 37.5
4.3640 37.5
4.3680 62.5
4.3720 54.2
4.3760 25.0
4.3800 33.3
4.3840 41.7
4.3880 25.0
4.3920 16.7
4.3960 16.7
4.4000 12.5
4.4040 29.2
4.4080 12.5
4.4120 16.7
4.4160 20.8
4.4200 20.8
4.4240 0.0
4.4280 20.8
4.4320 12.5
4.4360 20.8
4.4400 12.5
4.4440 25.0
4.4480 33.3
4.4520 41.7
4.4560 37.5
4.4600 29.2
4.4640 29.2
4.4680 54.2
4.4720 37.5
4.4760 58.3
4.4800 33.3
4.4840 37.5
4.4880 37.5
4.4920 16.7
4.4960 16.7
4.5000 12.5
4.5040 16.7
4.5080 25.0
4.5120 8.3
4.5160 8.3
4.5200 8.3
4.5240 12.5
4.5280 12.5
4.5320 12.5
4.5360 16.7
4.5400 12.5
4.5440 8.3
4.5480 12.5
4.5520 25.0
4.5560 25.0
4.5600 45.8
4.5640 41.7
4.5680 37.5
4.5720 29.2
4.5760 37.5
4.5800 29.2
4.5840 12.5
4.5880 25.0
4.5920 29.2
4.5960 8.3
4.6000 4.2
4.6040 4.2
4.6080 12.5
4.6120 12.5
4.6160 8.3
4.6200 12.5
4.6240 0.0
4.6280 8.3
4.6320 16.7
4.6360 29.2
4.6400 33.3
4.6440 20.8
4.6480 33.3
4.6520 20.8
4.6560 20.8
4.6600 12.5
4.6640 12.5
4.6680 41.7
4.6720 29.2
4.6760 4.2
4.6800 25.0
4.6840 20.8
4.6880 16.7
4.6920 8.3
4.6960 16.7
4.7000 16.7
4.7040 8.3
4.7080 20.8
4.7120 16.7
4.7160 8.3
4.7200 20.8
4.7240 20.8
4.7280 16.7
4.7320 12.5
4.7360 8.3
4.7400 16.7
4.7440 16.7
4.7480 33.3
4.7520 16.7
4.7560 8.3
4.7600 20.8
4.7640 25.0
4.7680 33.3
4.7720 16.7
4.7760 8.3
4.7800 12.5
4.7840 4.2
4.7880 8.3
4.7920 25.0
4.7960 8.3
4.8000 20.8
4.8040 25.0
4.8080 4.2
4.8120 0.0
4.8160 0.0
4.8200 12.5
4.8240 8.3
4.8280 25.0
4.8320 20.8
4.8360 8.3
4.8400 16.7
4.8440 0.0
4.8480 12.5
4.8520 4.2
4.8560 4.2
4.8600 8.3
4.8640 4.2
4.8680 12.5
4.8720 4.2
4.8760 4.2
4.8800 4.2
4.8840 0.0
4.8880 4.2
4.8920 4.2
4.8960 8.3
4.9000 12.5
4.9040 12.5
4.9080 12.5
4.9120 8.3
4.9160 4.2
4.9200 8.3
4.9240 0.0
4.9280 0.0
4.9320 16.7
4.9360 20.8
4.9400 12.5
4.9440 12.5
4.9480 8.3
4.9520 12.5
4.9560 8.3
4.9600 4.2
4.9640 0.0
4.9680 4.2
4.9720 8.3
4.9760 12.5
4.9800 4.2
4.9840 12.5
4.9880 20.8
4.9920 0.0
4.9960 8.3
5.0000 4.2
5.0040 8.3
5.0080 25.0
5.0120 4.2
5.0160 12.5
5.0200 8.3
5.0240 12.5
5.0280 8.3
5.0320 8.3
5.0360 4.2
5.0400 12.5
5.0440 12.5
5.0480 25.0
5.0520 4.2
5.0560 4.2
5.0600 4.2
5.0640 4.2
5.0680 4.2
5.0720 12.5
5.0760 8.3
5.0800 0.0
5.0840 8.3
5.0880 4.2
5.0920 8.3
5.0960 8.3
5.1000 16.7
5.1040 12.5
5.1080 8.3
5.1120 4.2
5.1160 4.2
5.1200 8.3
5.1240 4.2
5.1280 20.8
5.1320 0.0
5.1360 25.0
5.1400 20.8
5.1440 4.2
5.1480 8.3
5.1520 0.0
5.1560 0.0
5.1600 4.2
5.1640 8.3
5.1680 12.5
5.1720 0.0
5.1760 4.2
5.1800 0.0
5.1840 8.3
5.1880 8.3
5.1920 4.2
5.1960 8.3
5.2000 8.3
5.2040 12.5
5.2080 12.5
5.2120 4.2
5.2160 4.2
5.2200 8.3
5.2240 4.2
5.2280 4.2
5.2320 4.2
5.2360 4.2
5.2400 0.0
5.2440 0.0
5.2480 4.2
5.2520 0.0
5.2560 4.2
5.2600 4.2
5.2640 12.5
5.2680 4.2
5.2720 4.2
5.2760 0.0
5.2800 0.0
5.2840 0.0
5.2880 4.2
5.2920 8.3
5.2960 12.5
5.3000 0.0
5.3040 0.0
5.3080 8.3
5.3120 4.2
5.3160 0.0
5.3200 4.2
5.3240 12.5
5.3280 8.3
5.3320 4.2
5.3360 0.0
5.3400 0.0
5.3440 0.0
5.3480 0.0
5.3520 8.3
5.3560 8.3
5.3600 4.2
5.3640 0.0
5.3680 8.3
5.3720 4.2
5.3760 0.0
5.3800 0.0
5.3840 0.0
5.3880 4.2
5.3920 0.0
5.3960 4.2
5.4000 0.0
5.4040 0.0
5.4080 0.0
5.4120 4.2
5.4160 4.2
5.4200 0.0
5.4240 4.2
5.4280 4.2
5.4320 8.3
5.4360 0.0
5.4400 0.0
5.4440 0.0
5.4480 0.0
5.4520 4.2
5.4560 0.0
5.4600 8.3
5.4640 0.0
5.4680 0.0
5.4720 8.3
5.4760 0.0
5.4800 4.2
5.4840 0.0
5.4880 4.2
5.4920 0.0
5.4960 4.2
5.5000 0.0
5.5040 4.2
5.5080 4.2
5.5120 8.3
5.5160 0.0
5.5200 0.0
5.5240 4.2
5.5280 0.0
5.5320 0.0
5.5360 0.0
5.5400 4.2
5.5440 4.2
5.5480 0.0
5.5520 0.0
5.5560 0.0
5.5600 0.0
5.5640 4.2
5.5680 4.2
5.5720 8.3
5.5760 0.0
5.5800 0.0
5.5840 4.2
5.5880 0.0
5.5920 0.0
5.5960 8.3
5.6000 4.2
5.6040 0.0
5.6080 4.2
5.6120 0.0
5.6160 4.2
5.6200 0.0
5.6240 8.3
5.6280 4.2
5.6320 4.2
5.6360 4.2
5.6400 4.2
5.6440 4.2
5.6480 0.0
5.6520 12.5
5.6560 4.2
5.6600 4.2
5.6640 0.0
5.6680 0.0
5.6720 0.0
5.6760 4.2
5.6800 8.3
5.6840 0.0
5.6880 0.0
5.6920 4.2
5.6960 4.2
5.7000 4.2
5.7040 0.0
5.7080 4.2
5.7120 0.0
5.7160 4.2
5.7200 0.0
5.7240 4.2
5.7280 0.0
5.7320 0.0
5.7360 4.2
5.7400 8.3
5.7440 0.0
5.7480 0.0
5.7520 8.3
5.7560 8.3
5.7600 8.3
5.7640 0.0
5.7680 4.2
5.7720 4.2
5.7760 0.0
5.7800 0.0
5.7840 0.0
5.7880 0.0
5.7920 4.2
5.7960 0.0
5.8000 0.0
5.8040 8.3
5.8080 8.3
5.8120 4.2
5.8160 0.0
5.8200 0.0
5.8240 4.2
5.8280 0.0
5.8320 4.2
5.8360 8.3
5.8400 0.0
5.8440 4.2
5.8480 0.0
5.8520 0.0
5.8560 16.7
5.8600 4.2
5.8640 0.0
5.8680 8.3
5.8720 0.0
5.8760 0.0
5.8800 8.3
5.8840 8.3
5.8880 8.3
5.8920 4.2
5.8960 4.2
5.9000 0.0
5.9040 0.0
5.9080 0.0
5.9120 4.2
5.9160 0.0
5.9200 4.2
5.9240 0.0
5.9280 0.0
5.9320 8.3
5.9360 4.2
5.9400 0.0
5.9440 0.0
5.9480 4.2
5.9520 0.0
5.9560 0.0
5.9600 4.2
5.9640 0.0
5.9680 4.2
5.9720 4.2
5.9760 4.2
5.9800 0.0
5.9840 4.2
5.9880 8.3
5.9920 4.2
5.9960 0.0
6.0000 0.0
