;Bundle             = 1
;Partition          = 1
;Operator           = 
;Gonio              = ATX-G
;Memo               = 
;IncidentMonochro   = ½Ø¯ÄºØÒ°¼®Ý
;CounterMonochro    = ŽóŒõ½Ø¯Ä
;Attachment         = XY-STAGE
;Filter             = 
;SlitName0          = S1 10*1
;SlitName1          = S2 2*0.05
;SlitName2          = ATT 
;SlitName3          = RS 2*0.1
;SlitName4          = GS nothing
;Counter            = SC-70
;KAlpha1            = 1.5403
;KAlpha2            = 1.5434
;KBata              = 0
;Target             = Cu
;KV                 = 50
;mA                 = 300
;AxisName           = 2Theta/Omega
;MeasurementMethod = Continuation
;Start              = 0.2
;Finish             = 6
;Speed              = 2
;FixedTime          = 
;Width              = 0.004
;FullScale         = 1e+07
;Comment            = 0.35
;SampleName         = 
;Xunit              = deg.
;Yunit              = CPS
0.2000 1733838.1
0.2040 1762562.6
0.2080 1845521.8
0.2120 1834645.8
0.2160 1882273.8
0.2200 1927359.1
0.2240 1977456.9
0.2280 1999342.9
0.2320 2023036.9
0.2360 2113421.0
0.2400 2124115.2
0.2440 2153651.5
0.2480 2208597.8
0.2520 2254658.0
0.2560 2237345.5
0.2600 2277248.2
0.2640 2308906.5
0.2680 2323196.2
0.2720 2366351.0
0.2760 2402805.0
0.2800 2385830.8
0.2840 2392255.8
0.2880 2485817.0
0.2920 2449100.8
0.2960 2525327.2
0.3000 2502893.5
0.3040 2548113.2
0.3080 2595451.5
0.3120 2623229.5
0.3160 2620104.5
0.3200 2691061.8
0.3240 2640156.2
0.3280 2722487.2
0.3320 2746430.8
0.3360 2755808.5
0.3400 2783851.0
0.3440 2781501.8
0.3480 2842319.0
0.3520 2843126.8
0.3560 2917856.2
0.3600 2897932.5
0.3640 2901678.2
0.3680 2975009.0
0.3720 2979618.8
0.3760 2998261.0
0.3800 2999740.2
0.3840 3076591.5
0.3880 3112878.5
0.3920 3076141.2
0.3960 3130874.0
0.4000 3063570.5
0.4040 3150837.0
0.4080 3161574.2
0.4120 3208441.0
0.4160 3189125.2
0.4200 3307031.8
0.4240 3278873.0
0.4280 3296826.0
0.4320 3307392.2
0.4360 3339145.5
0.4400 3288027.5
0.4440 3383718.0
0.4480 3332314.8
0.4520 3384648.5
0.4560 3419488.0
0.4600 3425634.8
0.4640 3431061.8
0.4680 3430115.5
0.4720 3439896.0
0.4760 3514877.2
0.4800 3425578.8
0.4840 3431945.5
0.4880 3463798.2
0.4920 3464219.2
0.4960 3478903.2
0.5000 3503551.0
0.5040 3483769.8
0.5080 3515755.8
0.5120 3546138.0
0.5160 3502069.8
0.5200 3542251.5
0.5240 3589372.0
0.5280 3528325.5
0.5320 3608976.5
0.5360 3544449.5
0.5400 3623967.2
0.5440 3554233.2
0.5480 3557620.8
0.5520 3564324.8
0.5560 3508734.5
0.5600 3591555.2
0.5640 3524000.2
0.5680 3578946.5
0.5720 3514813.8
0.5760 3495052.8
0.5800 3525763.8
0.5840 3461099.2
0.5880 3411086.0
0.5920 3450546.8
0.5960 3483342.8
0.6000 3527892.0
0.6040 3447961.8
0.6080 3474384.5
0.6120 3451552.2
0.6160 3422515.0
0.6200 3392013.2
0.6240 3448049.5
0.6280 3345553.5
0.6320 3316468.8
0.6360 3310676.0
0.6400 3307184.0
0.6440 3188838.8
0.6480 3217297.8
0.6520 3216726.8
0.6560 3177246.0
0.6600 3154775.2
0.6640 3113760.2
0.6680 3032287.5
0.6720 3012441.0
0.6760 2975790.2
0.6800 2898316.2
0.6840 2894083.0
0.6880 2817570.0
0.6920 2731901.0
0.6960 2740441.5
0.7000 2634652.2
0.7040 2591531.2
0.7080 2528712.8
0.7120 2477441.2
0.7160 2406687.0
0.7200 2345569.8
0.7240 2243514.5
0.7280 2193153.5
0.7320 2090992.6
0.7360 2008518.8
0.7400 1976847.9
0.7440 1859905.6
0.7480 1781810.9
0.7520 1697705.6
0.7560 1596006.8
0.7600 1536155.9
0.7640 1431368.9
0.7680 1376296.8
0.7720 1303007.2
0.7760 1224480.1
0.7800 1161246.0
0.7840 1088600.4
0.7880 1033570.6
0.7920 984115.6
0.7960 898258.6
0.8000 864749.1
0.8040 812776.9
0.8080 775537.4
0.8120 730986.0
0.8160 695134.7
0.8200 641551.2
0.8240 604791.7
0.8280 566478.1
0.8320 545351.1
0.8360 518008.5
0.8400 505111.1
0.8440 475615.0
0.8480 444930.4
0.8520 424415.6
0.8560 409327.6
0.8600 384962.2
0.8640 367480.6
0.8680 337781.4
0.8720 328547.4
0.8760 322130.8
0.8800 304247.6
0.8840 288135.5
0.8880 276155.5
0.8920 258619.5
0.8960 244495.7
0.9000 240881.3
0.9040 228563.9
0.9080 225945.0
0.9120 214328.1
0.9160 204227.9
0.9200 197698.0
0.9240 186588.2
0.9280 174959.9
0.9320 169804.9
0.9360 160234.8
0.9400 158788.9
0.9440 148209.4
0.9480 143081.8
0.9520 136104.3
0.9560 132016.2
0.9600 128647.0
0.9640 123035.3
0.9680 120402.2
0.9720 112945.8
0.9760 107681.1
0.9800 104753.9
0.9840 96356.5
0.9880 93610.1
0.9920 89043.6
0.9960 83895.9
1.0000 82046.5
1.0040 79345.0
1.0080 77823.7
1.0120 75097.6
1.0160 72328.8
1.0200 73053.9
1.0240 68645.9
1.0280 66548.4
1.0320 64188.0
1.0360 60542.8
1.0400 57424.8
1.0440 53367.8
1.0480 49900.4
1.0520 47285.4
1.0560 44664.0
1.0600 43896.0
1.0640 42577.0
1.0680 40874.0
1.0720 39910.8
1.0760 39409.4
1.0800 38996.5
1.0840 38134.0
1.0880 37726.5
1.0920 35306.7
1.0960 33677.0
1.1000 33524.3
1.1040 30582.8
1.1080 30414.6
1.1120 27401.6
1.1160 24909.4
1.1200 24488.5
1.1240 23111.7
1.1280 21149.9
1.1320 21205.5
1.1360 20402.0
1.1400 20150.4
1.1440 19961.2
1.1480 21117.1
1.1520 20239.6
1.1560 20331.8
1.1600 19416.7
1.1640 19440.0
1.1680 18160.4
1.1720 17019.0
1.1760 15803.0
1.1800 14857.7
1.1840 12884.8
1.1880 12543.0
1.1920 11287.6
1.1960 10588.0
1.2000 10317.2
1.2040 9593.3
1.2080 9925.1
1.2120 9593.2
1.2160 10086.7
1.2200 10222.8
1.2240 10562.8
1.2280 10588.9
1.2320 10920.4
1.2360 10086.6
1.2400 10383.9
1.2440 9135.4
1.2480 8133.6
1.2520 7634.4
1.2560 7228.6
1.2600 6231.3
1.2640 5446.9
1.2680 5025.8
1.2720 4874.4
1.2760 4613.5
1.2800 4554.8
1.2840 4428.4
1.2880 4588.2
1.2920 5412.8
1.2960 5042.6
1.3000 5674.4
1.3040 5387.7
1.3080 5429.9
1.3120 5396.3
1.3160 5126.9
1.3200 4832.0
1.3240 3907.3
1.3280 3882.0
1.3320 3176.9
1.3360 3017.6
1.3400 2431.1
1.3440 2205.0
1.3480 2196.6
1.3520 2020.8
1.3560 1887.0
1.3600 1845.1
1.3640 2489.7
1.3680 2514.7
1.3720 2581.8
1.3760 2967.3
1.3800 3067.9
1.3840 2657.2
1.3880 2699.1
1.3920 2531.6
1.3960 2548.3
1.4000 2347.3
1.4040 2171.4
1.4080 1778.2
1.4120 1251.6
1.4160 1168.1
1.4200 1001.0
1.4240 825.7
1.4280 817.3
1.4320 708.8
1.4360 942.6
1.4400 900.9
1.4440 1051.1
1.4480 1076.2
1.4520 1427.1
1.4560 1669.5
1.4600 1569.2
1.4640 1519.0
1.4680 1493.9
1.4720 1343.5
1.4760 1209.8
1.4800 1126.3
1.4840 942.6
1.4880 775.6
1.4920 617.0
1.4960 408.5
1.5000 333.4
1.5040 266.7
1.5080 291.8
1.5120 200.0
1.5160 275.1
1.5200 425.2
1.5240 466.9
1.5280 458.5
1.5320 625.4
1.5360 800.6
1.5400 800.6
1.5440 775.6
1.5480 692.2
1.5520 842.4
1.5560 683.8
1.5600 550.3
1.5640 491.9
1.5680 433.5
1.5720 316.8
1.5760 200.0
1.5800 158.4
1.5840 100.0
1.5880 83.3
1.5920 100.0
1.5960 141.7
1.6000 158.4
1.6040 191.7
1.6080 308.4
1.6120 316.8
1.6160 366.8
1.6200 516.9
1.6240 433.5
1.6280 416.8
1.6320 408.5
1.6360 375.1
1.6400 391.8
1.6440 250.1
1.6480 216.7
1.6520 200.0
1.6560 116.7
1.6600 100.0
1.6640 58.3
1.6680 66.7
1.6720 0.0
1.6760 91.7
1.6800 83.3
1.6840 100.0
1.6880 208.4
1.6920 225.1
1.6960 308.4
1.7000 191.7
1.7040 200.0
1.7080 141.7
1.7120 175.0
1.7160 241.7
1.7200 150.0
1.7240 208.4
1.7280 125.0
1.7320 133.4
1.7360 58.3
1.7400 125.0
1.7440 75.0
1.7480 91.7
1.7520 108.3
1.7560 50.0
1.7600 100.0
1.7640 58.3
1.7680 133.4
1.7720 141.7
1.7760 158.4
1.7800 83.3
1.7840 133.4
1.7880 166.7
1.7920 158.4
1.7960 100.0
1.8000 91.7
1.8040 100.0
1.8080 75.0
1.8120 83.3
1.8160 66.7
1.8200 41.7
1.8240 33.3
1.8280 50.0
1.8320 66.7
1.8360 133.4
1.8400 175.0
1.8440 116.7
1.8480 191.7
1.8520 166.7
1.8560 133.4
1.8600 108.3
1.8640 116.7
1.8680 108.3
1.8720 116.7
1.8760 100.0
1.8800 91.7
1.8840 91.7
1.8880 33.3
1.8920 75.0
1.8960 33.3
1.9000 25.0
1.9040 58.3
1.9080 75.0
1.9120 83.3
1.9160 141.7
1.9200 100.0
1.9240 141.7
1.9280 141.7
1.9320 158.4
1.9360 150.0
1.9400 166.7
1.9440 166.7
1.9480 133.4
1.9520 100.0
1.9560 133.4
1.9600 66.7
1.9640 116.7
1.9680 41.7
1.9720 33.3
1.9760 33.3
1.9800 50.0
1.9840 25.0
1.9880 75.0
1.9920 58.3
1.9960 91.7
2.0000 83.3
2.0040 100.0
2.0080 166.7
2.0120 166.7
2.0160 158.4
2.0200 183.4
2.0240 175.0
2.0280 233.4
2.0320 216.7
2.0360 191.7
2.0400 116.7
2.0440 183.4
2.0480 83.3
2.0520 75.0
2.0560 75.0
2.0600 83.3
2.0640 33.3
2.0680 25.0
2.0720 33.3
2.0760 41.7
2.0800 66.7
2.0840 83.3
2.0880 125.0
2.0920 150.0
2.0960 133.4
2.1000 175.0
2.1040 166.7
2.1080 166.7
2.1120 133.4
2.1160 108.3
2.1200 116.7
2.1240 158.4
2.1280 133.4
2.1320 133.4
2.1360 100.0
2.1400 41.7
2.1440 58.3
2.1480 16.7
2.1520 8.3
2.1560 16.7
2.1600 33.3
2.1640 41.7
2.1680 91.7
2.1720 83.3
2.1760 108.3
2.1800 158.4
2.1840 108.3
2.1880 125.0
2.1920 125.0
2.1960 191.7
2.2000 141.7
2.2040 150.0
2.2080 133.4
2.2120 158.4
2.2160 125.0
2.2200 75.0
2.2240 58.3
2.2280 33.3
2.2320 33.3
2.2360 16.7
2.2400 33.3
2.2440 25.0
2.2480 33.3
2.2520 8.3
2.2560 75.0
2.2600 33.3
2.2640 91.7
2.2680 125.0
2.2720 83.3
2.2760 183.4
2.2800 216.7
2.2840 108.3
2.2880 83.3
2.2920 166.7
2.2960 150.0
2.3000 108.3
2.3040 33.3
2.3080 83.3
2.3120 83.3
2.3160 66.7
2.3200 25.0
2.3240 41.7
2.3280 33.3
2.3320 25.0
2.3360 0.0
2.3400 16.7
2.3440 16.7
2.3480 58.3
2.3520 50.0
2.3560 83.3
2.3600 133.4
2.3640 100.0
2.3680 91.7
2.3720 83.3
2.3760 141.7
2.3800 133.4
2.3840 91.7
2.3880 100.0
2.3920 50.0
2.3960 58.3
2.4000 50.0
2.4040 58.3
2.4080 8.3
2.4120 8.3
2.4160 50.0
2.4200 25.0
2.4240 16.7
2.4280 25.0
2.4320 25.0
2.4360 50.0
2.4400 50.0
2.4440 33.3
2.4480 66.7
2.4520 75.0
2.4560 125.0
2.4600 41.7
2.4640 133.4
2.4680 66.7
2.4720 100.0
2.4760 75.0
2.4800 83.3
2.4840 75.0
2.4880 66.7
2.4920 58.3
2.4960 25.0
2.5000 33.3
2.5040 50.0
2.5080 33.3
2.5120 16.7
2.5160 8.3
2.5200 33.3
2.5240 50.0
2.5280 25.0
2.5320 41.7
2.5360 83.3
2.5400 16.7
2.5440 50.0
2.5480 91.7
2.5520 116.7
2.5560 133.4
2.5600 116.7
2.5640 50.0
2.5680 50.0
2.5720 75.0
2.5760 75.0
2.5800 58.3
2.5840 50.0
2.5880 16.7
2.5920 50.0
2.5960 25.0
2.6000 16.7
2.6040 25.0
2.6080 25.0
2.6120 8.3
2.6160 41.7
2.6200 41.7
2.6240 41.7
2.6280 50.0
2.6320 91.7
2.6360 75.0
2.6400 91.7
2.6440 66.7
2.6480 141.7
2.6520 83.3
2.6560 50.0
2.6600 108.3
2.6640 66.7
2.6680 83.3
2.6720 41.7
2.6760 16.7
2.6800 41.7
2.6840 8.3
2.6880 16.7
2.6920 8.3
2.6960 33.3
2.7000 41.7
2.7040 58.3
2.7080 16.7
2.7120 16.7
2.7160 58.3
2.7200 58.3
2.7240 116.7
2.7280 83.3
2.7320 83.3
2.7360 91.7
2.7400 91.7
2.7440 158.4
2.7480 75.0
2.7520 58.3
2.7560 25.0
2.7600 116.7
2.7640 58.3
2.7680 25.0
2.7720 41.7
2.7760 16.7
2.7800 8.3
2.7840 41.7
2.7880 41.7
2.7920 33.3
2.7960 50.0
2.8000 41.7
2.8040 66.7
2.8080 58.3
2.8120 83.3
2.8160 41.7
2.8200 108.3
2.8240 100.0
2.8280 75.0
2.8320 75.0
2.8360 100.0
2.8400 41.7
2.8440 91.7
2.8480 50.0
2.8520 83.3
2.8560 50.0
2.8600 8.3
2.8640 0.0
2.8680 33.3
2.8720 16.7
2.8760 16.7
2.8800 8.3
2.8840 41.7
2.8880 25.0
2.8920 25.0
2.8960 100.0
2.9000 100.0
2.9040 108.3
2.9080 166.7
2.9120 133.4
2.9160 91.7
2.9200 91.7
2.9240 125.0
2.9280 91.7
2.9320 91.7
2.9360 100.0
2.9400 50.0
2.9440 100.0
2.9480 58.3
2.9520 50.0
2.9560 33.3
2.9600 41.7
2.9640 66.7
2.9680 16.7
2.9720 16.7
2.9760 33.3
2.9800 58.3
2.9840 50.0
2.9880 83.3
2.9920 58.3
2.9960 175.0
3.0000 166.7
3.0040 158.4
3.0080 83.3
3.0120 108.3
3.0160 133.4
3.0200 166.7
3.0240 91.7
3.0280 100.0
3.0320 91.7
3.0360 66.7
3.0400 125.0
3.0440 66.7
3.0480 50.0
3.0520 33.3
3.0560 41.7
3.0600 33.3
3.0640 33.3
3.0680 66.7
3.0720 50.0
3.0760 83.3
3.0800 108.3
3.0840 91.7
3.0880 91.7
3.0920 125.0
3.0960 166.7
3.1000 141.7
3.1040 133.4
3.1080 108.3
3.1120 141.7
3.1160 108.3
3.1200 100.0
3.1240 50.0
3.1280 75.0
3.1320 50.0
3.1360 91.7
3.1400 25.0
3.1440 41.7
3.1480 41.7
3.1520 50.0
3.1560 41.7
3.1600 33.3
3.1640 75.0
3.1680 100.0
3.1720 100.0
3.1760 108.3
3.1800 116.7
3.1840 141.7
3.1880 150.0
3.1920 166.7
3.1960 133.4
3.2000 158.4
3.2040 116.7
3.2080 125.0
3.2120 133.4
3.2160 125.0
3.2200 100.0
3.2240 50.0
3.2280 25.0
3.2320 91.7
3.2360 41.7
3.2400 50.0
3.2440 66.7
3.2480 25.0
3.2520 75.0
3.2560 91.7
3.2600 83.3
3.2640 91.7
3.2680 83.3
3.2720 166.7
3.2760 133.4
3.2800 200.0
3.2840 150.0
3.2880 175.0
3.2920 83.3
3.2960 191.7
3.3000 158.4
3.3040 91.7
3.3080 100.0
3.3120 75.0
3.3160 33.3
3.3200 66.7
3.3240 75.0
3.3280 41.7
3.3320 16.7
3.3360 50.0
3.3400 75.0
3.3440 100.0
3.3480 41.7
3.3520 41.7
3.3560 108.3
3.3600 158.4
3.3640 141.7
3.3680 125.0
3.3720 200.0
3.3760 158.4
3.3800 183.4
3.3840 125.0
3.3880 91.7
3.3920 158.4
3.3960 125.0
3.4000 133.4
3.4040 58.3
3.4080 75.0
3.4120 50.0
3.4160 58.3
3.4200 50.0
3.4240 75.0
3.4280 83.3
3.4320 33.3
3.4360 66.7
3.4400 83.3
3.4440 100.0
3.4480 91.7
3.4520 100.0
3.4560 125.0
3.4600 150.0
3.4640 91.7
3.4680 125.0
3.4720 141.7
3.4760 108.3
3.4800 116.7
3.4840 91.7
3.4880 116.7
3.4920 50.0
3.4960 75.0
3.5000 83.3
3.5040 58.3
3.5080 66.7
3.5120 66.7
3.5160 58.3
3.5200 33.3
3.5240 100.0
3.5280 33.3
3.5320 75.0
3.5360 50.0
3.5400 108.3
3.5440 108.3
3.5480 100.0
3.5520 125.0
3.5560 158.4
3.5600 141.7
3.5640 91.7
3.5680 158.4
3.5720 125.0
3.5760 83.3
3.5800 125.0
3.5840 83.3
3.5880 83.3
3.5920 33.3
3.5960 75.0
3.6000 50.0
3.6040 41.7
3.6080 108.3
3.6120 50.0
3.6160 25.0
3.6200 58.3
3.6240 83.3
3.6280 108.3
3.6320 91.7
3.6360 91.7
3.6400 116.7
3.6440 91.7
3.6480 166.7
3.6520 100.0
3.6560 83.3
3.6600 158.4
3.6640 133.4
3.6680 91.7
3.6720 116.7
3.6760 133.4
3.6800 58.3
3.6840 91.7
3.6880 83.3
3.6920 75.0
3.6960 50.0
3.7000 75.0
3.7040 25.0
3.7080 25.0
3.7120 58.3
3.7160 66.7
3.7200 58.3
3.7240 58.3
3.7280 116.7
3.7320 66.7
3.7360 100.0
3.7400 91.7
3.7440 108.3
3.7480 66.7
3.7520 83.3
3.7560 141.7
3.7600 141.7
3.7640 50.0
3.7680 100.0
3.7720 108.3
3.7760 50.0
3.7800 41.7
3.7840 41.7
3.7880 33.3
3.7920 50.0
3.7960 58.3
3.8000 66.7
3.8040 75.0
3.8080 58.3
3.8120 41.7
3.8160 41.7
3.8200 108.3
3.8240 100.0
3.8280 83.3
3.8320 83.3
3.8360 116.7
3.8400 133.4
3.8440 58.3
3.8480 75.0
3.8520 91.7
3.8560 83.3
3.8600 50.0
3.8640 91.7
3.8680 50.0
3.8720 25.0
3.8760 33.3
3.8800 25.0
3.8840 33.3
3.8880 25.0
3.8920 33.3
3.8960 33.3
3.9000 50.0
3.9040 75.0
3.9080 100.0
3.9120 58.3
3.9160 66.7
3.9200 91.7
3.9240 50.0
3.9280 75.0
3.9320 100.0
3.9360 58.3
3.9400 66.7
3.9440 100.0
3.9480 91.7
3.9520 66.7
3.9560 33.3
3.9600 66.7
3.9640 16.7
3.9680 16.7
3.9720 41.7
3.9760 58.3
3.9800 33.3
3.9840 33.3
3.9880 75.0
3.9920 25.0
3.9960 41.7
4.0000 66.7
4.0040 41.7
4.0080 58.3
4.0120 91.7
4.0160 91.7
4.0200 91.7
4.0240 50.0
4.0280 58.3
4.0320 83.3
4.0360 58.3
4.0400 100.0
4.0440 58.3
4.0480 41.7
4.0520 58.3
4.0560 41.7
4.0600 66.7
4.0640 58.3
4.0680 41.7
4.0720 16.7
4.0760 25.0
4.0800 25.0
4.0840 33.3
4.0880 33.3
4.0920 25.0
4.0960 41.7
4.1000 50.0
4.1040 41.7
4.1080 25.0
4.1120 33.3
4.1160 50.0
4.1200 41.7
4.1240 50.0
4.1280 58.3
4.1320 25.0
4.1360 16.7
4.1400 16.7
4.1440 25.0
4.1480 0.0
4.1520 0.0
4.1560 25.0
4.1600 25.0
4.1640 25.0
4.1680 16.7
4.1720 33.3
4.1760 25.0
4.1800 25.0
4.1840 41.7
4.1880 33.3
4.1920 33.3
4.1960 66.7
4.2000 8.3
4.2040 33.3
4.2080 41.7
4.2120 25.0
4.2160 33.3
4.2200 66.7
4.2240 16.7
4.2280 33.3
4.2320 16.7
4.2360 16.7
4.2400 66.7
4.2440 25.0
4.2480 8.3
4.2520 8.3
4.2560 25.0
4.2600 8.3
4.2640 33.3
4.2680 8.3
4.2720 33.3
4.2760 41.7
4.2800 25.0
4.2840 25.0
4.2880 25.0
4.2920 41.7
4.2960 16.7
4.3000 50.0
4.3040 41.7
4.3080 25.0
4.3120 25.0
4.3160 58.3
4.3200 33.3
4.3240 41.7
4.3280 0.0
4.3320 25.0
4.3360 16.7
4.3400 25.0
4.3440 8.3
4.3480 33.3
4.3520 25.0
4.3560 16.7
4.3600 8.3
4.3640 33.3
4.3680 8.3
4.3720 58.3
4.3760 41.7
4.3800 33.3
4.3840 25.0
4.3880 33.3
4.3920 50.0
4.3960 16.7
4.4000 33.3
4.4040 8.3
4.4080 25.0
4.4120 25.0
4.4160 16.7
4.4200 25.0
4.4240 16.7
4.4280 25.0
4.4320 25.0
4.4360 8.3
4.4400 0.0
4.4440 8.3
4.4480 16.7
4.4520 41.7
4.4560 8.3
4.4600 16.7
4.4640 8.3
4.4680 0.0
4.4720 33.3
4.4760 25.0
4.4800 41.7
4.4840 33.3
4.4880 16.7
4.4920 8.3
4.4960 33.3
4.5000 25.0
4.5040 0.0
4.5080 8.3
4.5120 25.0
4.5160 0.0
4.5200 25.0
4.5240 8.3
4.5280 8.3
4.5320 25.0
4.5360 0.0
4.5400 25.0
4.5440 25.0
4.5480 16.7
4.5520 8.3
4.5560 25.0
4.5600 16.7
4.5640 8.3
4.5680 25.0
4.5720 8.3
4.5760 25.0
4.5800 33.3
4.5840 33.3
4.5880 0.0
4.5920 25.0
4.5960 25.0
4.6000 8.3
4.6040 25.0
4.6080 8.3
4.6120 8.3
4.6160 16.7
4.6200 16.7
4.6240 8.3
4.6280 16.7
4.6320 0.0
4.6360 25.0
4.6400 16.7
4.6440 0.0
4.6480 16.7
4.6520 0.0
4.6560 0.0
4.6600 16.7
4.6640 16.7
4.6680 16.7
4.6720 8.3
4.6760 33.3
4.6800 25.0
4.6840 58.3
4.6880 8.3
4.6920 33.3
4.6960 33.3
4.7000 16.7
4.7040 16.7
4.7080 8.3
4.7120 0.0
4.7160 25.0
4.7200 8.3
4.7240 0.0
4.7280 16.7
4.7320 16.7
4.7360 16.7
4.7400 8.3
4.7440 0.0
4.7480 8.3
4.7520 8.3
4.7560 8.3
4.7600 0.0
4.7640 16.7
4.7680 16.7
4.7720 8.3
4.7760 8.3
4.7800 0.0
4.7840 0.0
4.7880 8.3
4.7920 0.0
4.7960 8.3
4.8000 16.7
4.8040 8.3
4.8080 8.3
4.8120 16.7
4.8160 8.3
4.8200 0.0
4.8240 0.0
4.8280 16.7
4.8320 33.3
4.8360 33.3
4.8400 16.7
4.8440 16.7
4.8480 8.3
4.8520 8.3
4.8560 16.7
4.8600 33.3
4.8640 0.0
4.8680 25.0
4.8720 0.0
4.8760 8.3
4.8800 8.3
4.8840 0.0
4.8880 16.7
4.8920 8.3
4.8960 33.3
4.9000 25.0
4.9040 8.3
4.9080 8.3
4.9120 16.7
4.9160 33.3
4.9200 0.0
4.9240 0.0
4.9280 25.0
4.9320 8.3
4.9360 8.3
4.9400 8.3
4.9440 0.0
4.9480 16.7
4.9520 8.3
4.9560 16.7
4.9600 8.3
4.9640 16.7
4.9680 16.7
4.9720 0.0
4.9760 0.0
4.9800 8.3
4.9840 8.3
4.9880 0.0
4.9920 0.0
4.9960 8.3
5.0000 0.0
5.0040 0.0
5.0080 0.0
5.0120 25.0
5.0160 0.0
5.0200 0.0
5.0240 0.0
5.0280 0.0
5.0320 8.3
5.0360 0.0
5.0400 8.3
5.0440 16.7
5.0480 0.0
5.0520 8.3
5.0560 0.0
5.0600 8.3
5.0640 8.3
5.0680 8.3
5.0720 16.7
5.0760 8.3
5.0800 8.3
5.0840 8.3
5.0880 8.3
5.0920 0.0
5.0960 0.0
5.1000 0.0
5.1040 0.0
5.1080 0.0
5.1120 16.7
5.1160 16.7
5.1200 8.3
5.1240 8.3
5.1280 8.3
5.1320 0.0
5.1360 8.3
5.1400 25.0
5.1440 8.3
5.1480 0.0
5.1520 8.3
5.1560 0.0
5.1600 0.0
5.1640 0.0
5.1680 8.3
5.1720 0.0
5.1760 8.3
5.1800 0.0
5.1840 8.3
5.1880 0.0
5.1920 0.0
5.1960 0.0
5.2000 8.3
5.2040 8.3
5.2080 8.3
5.2120 0.0
5.2160 0.0
5.2200 0.0
5.2240 0.0
5.2280 0.0
5.2320 8.3
5.2360 8.3
5.2400 8.3
5.2440 0.0
5.2480 0.0
5.2520 8.3
5.2560 16.7
5.2600 8.3
5.2640 16.7
5.2680 0.0
5.2720 8.3
5.2760 0.0
5.2800 0.0
5.2840 0.0
5.2880 8.3
5.2920 0.0
5.2960 8.3
5.3000 0.0
5.3040 0.0
5.3080 25.0
5.3120 8.3
5.3160 0.0
5.3200 16.7
5.3240 0.0
5.3280 8.3
5.3320 0.0
5.3360 0.0
5.3400 0.0
5.3440 8.3
5.3480 8.3
5.3520 0.0
5.3560 0.0
5.3600 16.7
5.3640 8.3
5.3680 0.0
5.3720 0.0
5.3760 0.0
5.3800 16.7
5.3840 8.3
5.3880 8.3
5.3920 0.0
5.3960 0.0
5.4000 8.3
5.4040 8.3
5.4080 0.0
5.4120 0.0
5.4160 0.0
5.4200 0.0
5.4240 0.0
5.4280 0.0
5.4320 0.0
5.4360 0.0
5.4400 0.0
5.4440 8.3
5.4480 41.7
5.4520 8.3
5.4560 0.0
5.4600 0.0
5.4640 16.7
5.4680 0.0
5.4720 8.3
5.4760 8.3
5.4800 8.3
5.4840 0.0
5.4880 8.3
5.4920 0.0
5.4960 0.0
5.5000 0.0
5.5040 8.3
5.5080 0.0
5.5120 25.0
5.5160 25.0
5.5200 8.3
5.5240 16.7
5.5280 0.0
5.5320 25.0
5.5360 0.0
5.5400 0.0
5.5440 8.3
5.5480 0.0
5.5520 8.3
5.5560 0.0
5.5600 0.0
5.5640 0.0
5.5680 16.7
5.5720 25.0
5.5760 8.3
5.5800 16.7
5.5840 8.3
5.5880 0.0
5.5920 25.0
5.5960 8.3
5.6000 8.3
5.6040 0.0
5.6080 0.0
5.6120 8.3
5.6160 0.0
5.6200 8.3
5.6240 0.0
5.6280 16.7
5.6320 0.0
5.6360 0.0
5.6400 0.0
5.6440 0.0
5.6480 8.3
5.6520 0.0
5.6560 8.3
5.6600 8.3
5.6640 0.0
5.6680 0.0
5.6720 8.3
5.6760 8.3
5.6800 0.0
5.6840 0.0
5.6880 0.0
5.6920 0.0
5.6960 8.3
5.7000 0.0
5.7040 8.3
5.7080 0.0
5.7120 0.0
5.7160 8.3
5.7200 16.7
5.7240 8.3
5.7280 0.0
5.7320 8.3
5.7360 0.0
5.7400 0.0
5.7440 8.3
5.7480 16.7
5.7520 0.0
5.7560 0.0
5.7600 16.7
5.7640 0.0
5.7680 0.0
5.7720 16.7
5.7760 8.3
5.7800 8.3
5.7840 0.0
5.7880 0.0
5.7920 0.0
5.7960 0.0
5.8000 0.0
5.8040 8.3
5.8080 16.7
5.8120 8.3
5.8160 0.0
5.8200 0.0
5.8240 8.3
5.8280 0.0
5.8320 0.0
5.8360 16.7
5.8400 0.0
5.8440 0.0
5.8480 0.0
5.8520 0.0
5.8560 8.3
5.8600 0.0
5.8640 0.0
5.8680 0.0
5.8720 8.3
5.8760 0.0
5.8800 0.0
5.8840 16.7
5.8880 16.7
5.8920 8.3
5.8960 8.3
5.9000 8.3
5.9040 0.0
5.9080 0.0
5.9120 16.7
5.9160 16.7
5.9200 0.0
5.9240 8.3
5.9280 16.7
5.9320 16.7
5.9360 0.0
5.9400 0.0
5.9440 0.0
5.9480 0.0
5.9520 8.3
5.9560 8.3
5.9600 8.3
5.9640 8.3
5.9680 8.3
5.9720 8.3
5.9760 0.0
5.9800 0.0
5.9840 8.3
5.9880 0.0
5.9920 8.3
5.9960 8.3
6.0000 8.3
