;Bundle             = 1
;Partition          = 1
;Operator           = 
;Gonio              = ATX-G
;Memo               = 
;IncidentMonochro   = ½Ø¯ÄºØÒ°¼®Ý
;CounterMonochro    = ŽóŒõ½Ø¯Ä
;Attachment         = XY-STAGE
;Filter             = 
;SlitName0          = S1 10*1
;SlitName1          = S2 2*0.05
;SlitName2          = ATT 
;SlitName3          = RS 2*0.1
;SlitName4          = GS nothing
;Counter            = SC-70
;KAlpha1            = 1.5403
;KAlpha2            = 1.5434
;KBata              = 0
;Target             = Cu
;KV                 = 50
;mA                 = 300
;AxisName           = 2Theta/Omega
;MeasurementMethod = Continuation
;Start              = 0.5
;Finish             = 4
;Speed              = 2
;FixedTime          = 
;Width              = 0.004
;FullScale         = 1e+07
;Comment            = 0.35
;SampleName         = 
;Xunit              = deg.
;Yunit              = CPS
0.5000 1739450.0
0.5040 1771154.9
0.5080 1760391.0
0.5120 1770110.2
0.5160 1736903.1
0.5200 1771508.0
0.5240 1748137.5
0.5280 1750463.4
0.5320 1780324.4
0.5360 1775501.1
0.5400 1764246.8
0.5440 1752503.9
0.5480 1779535.6
0.5520 1770404.1
0.5560 1783125.0
0.5600 1714678.8
0.5640 1752773.5
0.5680 1777436.0
0.5720 1769508.8
0.5760 1741720.0
0.5800 1762271.9
0.5840 1740622.5
0.5880 1741266.4
0.5920 1741376.4
0.5960 1747463.0
0.6000 1714902.9
0.6040 1733699.6
0.6080 1718257.5
0.6120 1705953.2
0.6160 1693466.1
0.6200 1675711.8
0.6240 1673336.1
0.6280 1696948.6
0.6320 1657467.9
0.6360 1639549.6
0.6400 1627860.6
0.6440 1631130.8
0.6480 1590033.4
0.6520 1584512.4
0.6560 1565871.0
0.6600 1558747.2
0.6640 1526878.6
0.6680 1512613.1
0.6720 1503999.8
0.6760 1449910.9
0.6800 1419140.8
0.6840 1406006.5
0.6880 1379945.4
0.6920 1367385.2
0.6960 1294344.1
0.7000 1260495.2
0.7040 1215521.0
0.7080 1175969.2
0.7120 1168479.8
0.7160 1170328.9
0.7200 1113742.8
0.7240 1099339.9
0.7280 1023905.2
0.7320 1005132.7
0.7360 981300.2
0.7400 938896.1
0.7440 903866.2
0.7480 838062.0
0.7520 806898.6
0.7560 753868.0
0.7600 733947.3
0.7640 682524.9
0.7680 650408.8
0.7720 610075.9
0.7760 579164.0
0.7800 531386.9
0.7840 518805.7
0.7880 484427.1
0.7920 446333.4
0.7960 425796.3
0.8000 395965.0
0.8040 379318.6
0.8080 358421.1
0.8120 327359.1
0.8160 324560.6
0.8200 304705.1
0.8240 282728.6
0.8280 270074.0
0.8320 251870.6
0.8360 241502.7
0.8400 232116.6
0.8440 214918.4
0.8480 206683.3
0.8520 195838.2
0.8560 184090.4
0.8600 177977.1
0.8640 165605.7
0.8680 157563.7
0.8720 147886.3
0.8760 138055.6
0.8800 129418.1
0.8840 121708.5
0.8880 116255.0
0.8920 115810.5
0.8960 113078.2
0.9000 108517.2
0.9040 102487.7
0.9080 97970.2
0.9120 93881.6
0.9160 90569.6
0.9200 83937.8
0.9240 82136.6
0.9280 77865.4
0.9320 75279.2
0.9360 71685.3
0.9400 67715.3
0.9440 63143.7
0.9480 60552.7
0.9520 59341.3
0.9560 56728.8
0.9600 54391.4
0.9640 52001.0
0.9680 50501.3
0.9720 47347.9
0.9760 45345.8
0.9800 42667.5
0.9840 40982.9
0.9880 38241.9
0.9920 36946.3
0.9960 34848.8
1.0000 34129.0
1.0040 31445.4
1.0080 30797.5
1.0120 29998.2
1.0160 28231.9
1.0200 27212.4
1.0240 26463.8
1.0280 24128.5
1.0320 24761.5
1.0360 23917.7
1.0400 21631.6
1.0440 19917.3
1.0480 18903.2
1.0520 18667.8
1.0560 17050.9
1.0600 16060.5
1.0640 15612.8
1.0680 14512.6
1.0720 14332.7
1.0760 14117.4
1.0800 14143.7
1.0840 13236.3
1.0880 12611.5
1.0920 11842.5
1.0960 11790.6
1.1000 11271.6
1.1040 10562.9
1.1080 9806.0
1.1120 8778.3
1.1160 8117.3
1.1200 7643.0
1.1240 7067.5
1.1280 6172.1
1.1320 6146.6
1.1360 5902.2
1.1400 5328.6
1.1440 5177.5
1.1480 5488.6
1.1520 4949.9
1.1560 5093.0
1.1600 5632.1
1.1640 5506.0
1.1680 5228.0
1.1720 5185.6
1.1760 4260.1
1.1800 4470.3
1.1840 3873.7
1.1880 3327.9
1.1920 3168.5
1.1960 3118.2
1.2000 2690.7
1.2040 2925.5
1.2080 2397.5
1.2120 2364.0
1.2160 2397.5
1.2200 2263.7
1.2240 2456.1
1.2280 2606.9
1.2320 2380.8
1.2360 2548.2
1.2400 2405.9
1.2440 2322.2
1.2480 1912.1
1.2520 1753.1
1.2560 1736.4
1.2600 1318.4
1.2640 1234.9
1.2680 1318.4
1.2720 1092.9
1.2760 934.2
1.2800 1059.5
1.2840 1017.7
1.2880 750.6
1.2920 767.3
1.2960 976.0
1.3000 934.2
1.3040 909.2
1.3080 884.1
1.3120 900.8
1.3160 784.0
1.3200 867.4
1.3240 784.0
1.3280 708.8
1.3320 583.7
1.3360 567.0
1.3400 433.5
1.3440 508.6
1.3480 391.8
1.3520 241.7
1.3560 291.8
1.3600 341.8
1.3640 250.1
1.3680 258.4
1.3720 266.7
1.3760 291.8
1.3800 458.6
1.3840 283.4
1.3880 266.7
1.3920 350.1
1.3960 291.8
1.4000 300.1
1.4040 283.4
1.4080 250.1
1.4120 191.7
1.4160 275.1
1.4200 258.4
1.4240 91.7
1.4280 166.7
1.4320 108.3
1.4360 141.7
1.4400 116.7
1.4440 108.3
1.4480 66.7
1.4520 75.0
1.4560 58.3
1.4600 125.0
1.4640 83.3
1.4680 116.7
1.4720 91.7
1.4760 100.0
1.4800 125.0
1.4840 100.0
1.4880 150.0
1.4920 133.4
1.4960 91.7
1.5000 83.3
1.5040 108.3
1.5080 58.3
1.5120 58.3
1.5160 8.3
1.5200 8.3
1.5240 16.7
1.5280 41.7
1.5320 16.7
1.5360 16.7
1.5400 33.3
1.5440 41.7
1.5480 41.7
1.5520 83.3
1.5560 50.0
1.5600 83.3
1.5640 66.7
1.5680 66.7
1.5720 25.0
1.5760 50.0
1.5800 75.0
1.5840 33.3
1.5880 16.7
1.5920 25.0
1.5960 33.3
1.6000 16.7
1.6040 0.0
1.6080 16.7
1.6120 16.7
1.6160 50.0
1.6200 33.3
1.6240 33.3
1.6280 33.3
1.6320 16.7
1.6360 25.0
1.6400 8.3
1.6440 16.7
1.6480 25.0
1.6520 8.3
1.6560 33.3
1.6600 8.3
1.6640 16.7
1.6680 16.7
1.6720 8.3
1.6760 41.7
1.6800 0.0
1.6840 25.0
1.6880 8.3
1.6920 8.3
1.6960 16.7
1.7000 16.7
1.7040 25.0
1.7080 0.0
1.7120 16.7
1.7160 16.7
1.7200 25.0
1.7240 0.0
1.7280 25.0
1.7320 16.7
1.7360 41.7
1.7400 25.0
1.7440 25.0
1.7480 0.0
1.7520 0.0
1.7560 8.3
1.7600 0.0
1.7640 16.7
1.7680 0.0
1.7720 33.3
1.7760 16.7
1.7800 16.7
1.7840 16.7
1.7880 0.0
1.7920 16.7
1.7960 16.7
1.8000 8.3
1.8040 0.0
1.8080 41.7
1.8120 16.7
1.8160 8.3
1.8200 50.0
1.8240 0.0
1.8280 0.0
1.8320 16.7
1.8360 8.3
1.8400 16.7
1.8440 25.0
1.8480 8.3
1.8520 16.7
1.8560 33.3
1.8600 0.0
1.8640 8.3
1.8680 16.7
1.8720 16.7
1.8760 16.7
1.8800 16.7
1.8840 0.0
1.8880 0.0
1.8920 16.7
1.8960 16.7
1.9000 8.3
1.9040 0.0
1.9080 8.3
1.9120 0.0
1.9160 16.7
1.9200 41.7
1.9240 25.0
1.9280 25.0
1.9320 8.3
1.9360 25.0
1.9400 0.0
1.9440 41.7
1.9480 8.3
1.9520 8.3
1.9560 25.0
1.9600 8.3
1.9640 33.3
1.9680 16.7
1.9720 16.7
1.9760 25.0
1.9800 0.0
1.9840 16.7
1.9880 25.0
1.9920 16.7
1.9960 0.0
2.0000 33.3
2.0040 8.3
2.0080 16.7
2.0120 16.7
2.0160 8.3
2.0200 8.3
2.0240 0.0
2.0280 0.0
2.0320 0.0
2.0360 16.7
2.0400 8.3
2.0440 0.0
2.0480 25.0
2.0520 16.7
2.0560 25.0
2.0600 41.7
2.0640 16.7
2.0680 8.3
2.0720 8.3
2.0760 16.7
2.0800 0.0
2.0840 25.0
2.0880 8.3
2.0920 16.7
2.0960 16.7
2.1000 25.0
2.1040 50.0
2.1080 8.3
2.1120 8.3
2.1160 0.0
2.1200 16.7
2.1240 8.3
2.1280 0.0
2.1320 8.3
2.1360 8.3
2.1400 0.0
2.1440 8.3
2.1480 0.0
2.1520 0.0
2.1560 8.3
2.1600 0.0
2.1640 16.7
2.1680 0.0
2.1720 16.7
2.1760 8.3
2.1800 16.7
2.1840 0.0
2.1880 8.3
2.1920 0.0
2.1960 8.3
2.2000 25.0
2.2040 0.0
2.2080 8.3
2.2120 25.0
2.2160 16.7
2.2200 0.0
2.2240 0.0
2.2280 16.7
2.2320 8.3
2.2360 33.3
2.2400 8.3
2.2440 8.3
2.2480 8.3
2.2520 0.0
2.2560 16.7
2.2600 8.3
2.2640 0.0
2.2680 8.3
2.2720 0.0
2.2760 8.3
2.2800 8.3
2.2840 8.3
2.2880 25.0
2.2920 16.7
2.2960 16.7
2.3000 0.0
2.3040 0.0
2.3080 8.3
2.3120 8.3
2.3160 16.7
2.3200 8.3
2.3240 0.0
2.3280 8.3
2.3320 0.0
2.3360 0.0
2.3400 16.7
2.3440 8.3
2.3480 41.7
2.3520 0.0
2.3560 8.3
2.3600 8.3
2.3640 8.3
2.3680 25.0
2.3720 8.3
2.3760 33.3
2.3800 16.7
2.3840 8.3
2.3880 8.3
2.3920 0.0
2.3960 16.7
2.4000 8.3
2.4040 25.0
2.4080 16.7
2.4120 16.7
2.4160 0.0
2.4200 0.0
2.4240 0.0
2.4280 8.3
2.4320 25.0
2.4360 8.3
2.4400 0.0
2.4440 0.0
2.4480 0.0
2.4520 8.3
2.4560 8.3
2.4600 25.0
2.4640 0.0
2.4680 16.7
2.4720 16.7
2.4760 0.0
2.4800 16.7
2.4840 8.3
2.4880 8.3
2.4920 8.3
2.4960 16.7
2.5000 8.3
2.5040 8.3
2.5080 0.0
2.5120 8.3
2.5160 0.0
2.5200 8.3
2.5240 0.0
2.5280 33.3
2.5320 16.7
2.5360 0.0
2.5400 16.7
2.5440 25.0
2.5480 25.0
2.5520 8.3
2.5560 16.7
2.5600 8.3
2.5640 8.3
2.5680 0.0
2.5720 16.7
2.5760 8.3
2.5800 16.7
2.5840 8.3
2.5880 0.0
2.5920 16.7
2.5960 0.0
2.6000 25.0
2.6040 8.3
2.6080 25.0
2.6120 0.0
2.6160 8.3
2.6200 0.0
2.6240 16.7
2.6280 16.7
2.6320 25.0
2.6360 0.0
2.6400 0.0
2.6440 0.0
2.6480 0.0
2.6520 0.0
2.6560 25.0
2.6600 16.7
2.6640 8.3
2.6680 8.3
2.6720 16.7
2.6760 0.0
2.6800 8.3
2.6840 0.0
2.6880 0.0
2.6920 8.3
2.6960 0.0
2.7000 0.0
2.7040 0.0
2.7080 0.0
2.7120 8.3
2.7160 16.7
2.7200 0.0
2.7240 0.0
2.7280 16.7
2.7320 0.0
2.7360 8.3
2.7400 8.3
2.7440 0.0
2.7480 0.0
2.7520 16.7
2.7560 41.7
2.7600 16.7
2.7640 0.0
2.7680 16.7
2.7720 0.0
2.7760 0.0
2.7800 8.3
2.7840 8.3
2.7880 16.7
2.7920 16.7
2.7960 8.3
2.8000 8.3
2.8040 0.0
2.8080 0.0
2.8120 16.7
2.8160 0.0
2.8200 8.3
2.8240 16.7
2.8280 0.0
2.8320 0.0
2.8360 8.3
2.8400 25.0
2.8440 0.0
2.8480 8.3
2.8520 33.3
2.8560 8.3
2.8600 8.3
2.8640 16.7
2.8680 0.0
2.8720 0.0
2.8760 16.7
2.8800 8.3
2.8840 0.0
2.8880 0.0
2.8920 25.0
2.8960 16.7
2.9000 8.3
2.9040 8.3
2.9080 8.3
2.9120 16.7
2.9160 16.7
2.9200 8.3
2.9240 25.0
2.9280 0.0
2.9320 8.3
2.9360 33.3
2.9400 8.3
2.9440 0.0
2.9480 0.0
2.9520 8.3
2.9560 33.3
2.9600 16.7
2.9640 0.0
2.9680 8.3
2.9720 0.0
2.9760 16.7
2.9800 25.0
2.9840 8.3
2.9880 16.7
2.9920 8.3
2.9960 0.0
3.0000 0.0
3.0040 16.7
3.0080 0.0
3.0120 0.0
3.0160 8.3
3.0200 25.0
3.0240 0.0
3.0280 8.3
3.0320 8.3
3.0360 8.3
3.0400 16.7
3.0440 0.0
3.0480 25.0
3.0520 0.0
3.0560 0.0
3.0600 8.3
3.0640 8.3
3.0680 0.0
3.0720 8.3
3.0760 0.0
3.0800 0.0
3.0840 0.0
3.0880 0.0
3.0920 0.0
3.0960 8.3
3.1000 8.3
3.1040 8.3
3.1080 0.0
3.1120 25.0
3.1160 33.3
3.1200 16.7
3.1240 8.3
3.1280 0.0
3.1320 8.3
3.1360 0.0
3.1400 8.3
3.1440 0.0
3.1480 0.0
3.1520 16.7
3.1560 8.3
3.1600 25.0
3.1640 25.0
3.1680 16.7
3.1720 16.7
3.1760 16.7
3.1800 16.7
3.1840 16.7
3.1880 0.0
3.1920 8.3
3.1960 0.0
3.2000 25.0
3.2040 16.7
3.2080 0.0
3.2120 25.0
3.2160 16.7
3.2200 8.3
3.2240 0.0
3.2280 16.7
3.2320 8.3
3.2360 16.7
3.2400 0.0
3.2440 8.3
3.2480 8.3
3.2520 0.0
3.2560 41.7
3.2600 8.3
3.2640 0.0
3.2680 8.3
3.2720 8.3
3.2760 16.7
3.2800 16.7
3.2840 8.3
3.2880 16.7
3.2920 16.7
3.2960 0.0
3.3000 8.3
3.3040 0.0
3.3080 0.0
3.3120 8.3
3.3160 0.0
3.3200 16.7
3.3240 0.0
3.3280 0.0
3.3320 8.3
3.3360 16.7
3.3400 25.0
3.3440 33.3
3.3480 8.3
3.3520 0.0
3.3560 16.7
3.3600 0.0
3.3640 16.7
3.3680 0.0
3.3720 8.3
3.3760 16.7
3.3800 16.7
3.3840 8.3
3.3880 8.3
3.3920 0.0
3.3960 16.7
3.4000 33.3
3.4040 0.0
3.4080 16.7
3.4120 16.7
3.4160 8.3
3.4200 33.3
3.4240 8.3
3.4280 8.3
3.4320 8.3
3.4360 0.0
3.4400 0.0
3.4440 8.3
3.4480 0.0
3.4520 0.0
3.4560 8.3
3.4600 0.0
3.4640 8.3
3.4680 8.3
3.4720 0.0
3.4760 16.7
3.4800 8.3
3.4840 0.0
3.4880 25.0
3.4920 16.7
3.4960 25.0
3.5000 8.3
3.5040 8.3
3.5080 8.3
3.5120 0.0
3.5160 0.0
3.5200 8.3
3.5240 8.3
3.5280 8.3
3.5320 25.0
3.5360 0.0
3.5400 0.0
3.5440 16.7
3.5480 25.0
3.5520 0.0
3.5560 25.0
3.5600 0.0
3.5640 0.0
3.5680 16.7
3.5720 8.3
3.5760 0.0
3.5800 0.0
3.5840 25.0
3.5880 0.0
3.5920 16.7
3.5960 0.0
3.6000 16.7
3.6040 8.3
3.6080 0.0
3.6120 0.0
3.6160 8.3
3.6200 8.3
3.6240 16.7
3.6280 0.0
3.6320 8.3
3.6360 8.3
3.6400 8.3
3.6440 16.7
3.6480 16.7
3.6520 0.0
3.6560 0.0
3.6600 25.0
3.6640 8.3
3.6680 0.0
3.6720 16.7
3.6760 16.7
3.6800 0.0
3.6840 16.7
3.6880 8.3
3.6920 8.3
3.6960 16.7
3.7000 8.3
3.7040 16.7
3.7080 25.0
3.7120 8.3
3.7160 0.0
3.7200 16.7
3.7240 16.7
3.7280 8.3
3.7320 0.0
3.7360 16.7
3.7400 0.0
3.7440 16.7
3.7480 16.7
3.7520 25.0
3.7560 0.0
3.7600 33.3
3.7640 8.3
3.7680 25.0
3.7720 0.0
3.7760 8.3
3.7800 16.7
3.7840 25.0
3.7880 8.3
3.7920 0.0
3.7960 0.0
3.8000 8.3
3.8040 8.3
3.8080 16.7
3.8120 8.3
3.8160 0.0
3.8200 16.7
3.8240 0.0
3.8280 33.3
3.8320 8.3
3.8360 16.7
3.8400 8.3
3.8440 16.7
3.8480 0.0
3.8520 8.3
3.8560 8.3
3.8600 0.0
3.8640 8.3
3.8680 0.0
3.8720 8.3
3.8760 8.3
3.8800 0.0
3.8840 8.3
3.8880 8.3
3.8920 0.0
3.8960 25.0
3.9000 16.7
3.9040 8.3
3.9080 0.0
3.9120 41.7
3.9160 0.0
3.9200 25.0
3.9240 8.3
3.9280 0.0
3.9320 16.7
3.9360 0.0
3.9400 25.0
3.9440 0.0
3.9480 8.3
3.9520 8.3
3.9560 8.3
3.9600 8.3
3.9640 8.3
3.9680 8.3
3.9720 0.0
3.9760 16.7
3.9800 16.7
3.9840 0.0
3.9880 16.7
3.9920 25.0
3.9960 0.0
4.0000 0.0
