;Bundle             = 1
;Partition          = 1
;Operator           = 
;Gonio              = ATX-G
;Memo               = 
;IncidentMonochro   = ½Ø¯ÄºØÒ°¼®Ý
;CounterMonochro    = ŽóŒõ½Ø¯Ä
;Attachment         = XY-STAGE
;Filter             = 
;SlitName0          = S1 10*1
;SlitName1          = S2 2*0.05
;SlitName2          = ATT 
;SlitName3          = RS 2*0.1
;SlitName4          = GS nothing
;Counter            = SC-70
;KAlpha1            = 1.5403
;KAlpha2            = 1.5434
;KBata              = 0
;Target             = Cu
;KV                 = 50
;mA                 = 300
;AxisName           = 2Theta/Omega
;MeasurementMethod = Continuation
;Start              = 0.5
;Finish             = 5
;Speed              = 0.2
;FixedTime          = 
;Width              = 0.004
;FullScale         = 1e+07
;Comment            = 0.35
;SampleName         = 
;Xunit              = deg.
;Yunit              = CPS
0.5000 2592395.0
0.5040 2600158.2
0.5080 2607685.0
0.5120 2607790.5
0.5160 2621376.2
0.5200 2648230.5
0.5240 2661507.2
0.5280 2653457.5
0.5320 2665508.0
0.5360 2684752.0
0.5400 2689432.5
0.5440 2698837.8
0.5480 2705800.8
0.5520 2703877.5
0.5560 2702648.0
0.5600 2727415.2
0.5640 2736162.8
0.5680 2723922.0
0.5720 2740428.8
0.5760 2731613.5
0.5800 2741397.2
0.5840 2726483.8
0.5880 2738804.8
0.5920 2740727.0
0.5960 2724797.5
0.6000 2729254.8
0.6040 2726954.2
0.6080 2731605.0
0.6120 2726127.5
0.6160 2719595.8
0.6200 2713620.2
0.6240 2715421.8
0.6280 2704403.0
0.6320 2691477.2
0.6360 2672525.0
0.6400 2670198.0
0.6440 2642583.5
0.6480 2636428.2
0.6520 2625855.8
0.6560 2608085.5
0.6600 2581371.0
0.6640 2560233.5
0.6680 2543078.5
0.6720 2517351.5
0.6760 2482756.2
0.6800 2464055.5
0.6840 2430802.0
0.6880 2391014.5
0.6920 2360583.8
0.6960 2325799.2
0.7000 2288421.2
0.7040 2234358.8
0.7080 2198946.2
0.7120 2154471.0
0.7160 2102364.5
0.7200 2049589.8
0.7240 1986559.8
0.7280 1922812.9
0.7320 1868092.9
0.7360 1809300.4
0.7400 1746601.2
0.7440 1680981.0
0.7480 1605622.5
0.7520 1547054.0
0.7560 1471197.5
0.7600 1388703.6
0.7640 1334433.9
0.7680 1269957.6
0.7720 1204001.1
0.7760 1140845.4
0.7800 1082256.9
0.7840 1027441.7
0.7880 971340.9
0.7920 917551.2
0.7960 870636.9
0.8000 821046.6
0.8040 768542.6
0.8080 732228.2
0.8120 701624.1
0.8160 656964.8
0.8200 623878.2
0.8240 596259.8
0.8280 565429.3
0.8320 538130.1
0.8360 511154.4
0.8400 488309.3
0.8440 462452.2
0.8480 444584.7
0.8520 423580.3
0.8560 405468.6
0.8600 385282.6
0.8640 373485.8
0.8680 354883.5
0.8720 341307.4
0.8760 323267.5
0.8800 321827.1
0.8840 308795.7
0.8880 297552.1
0.8920 286379.4
0.8960 275079.5
0.9000 265589.3
0.9040 255038.6
0.9080 247381.3
0.9120 238717.2
0.9160 229543.0
0.9200 222335.1
0.9240 213118.9
0.9280 204869.9
0.9320 196021.9
0.9360 189738.2
0.9400 183283.5
0.9440 177405.5
0.9480 172034.0
0.9520 166779.1
0.9560 162804.8
0.9600 158205.1
0.9640 154948.4
0.9680 150843.7
0.9720 146071.6
0.9760 142432.1
0.9800 136669.8
0.9840 131999.9
0.9880 126030.9
0.9920 121689.9
0.9960 116635.9
1.0000 113407.9
1.0040 110148.5
1.0080 106978.0
1.0120 104107.8
1.0160 102876.9
1.0200 102216.5
1.0240 100110.9
1.0280 98401.7
1.0320 96350.0
1.0360 93515.3
1.0400 91033.7
1.0440 87572.4
1.0480 84020.0
1.0520 79555.2
1.0560 76477.5
1.0600 73373.4
1.0640 70883.5
1.0680 68855.4
1.0720 67002.0
1.0760 67017.7
1.0800 65183.8
1.0840 65341.6
1.0880 64776.7
1.0920 64657.4
1.0960 64172.5
1.1000 63125.1
1.1040 61448.3
1.1080 59018.7
1.1120 56804.0
1.1160 54482.5
1.1200 51232.2
1.1240 48668.6
1.1280 46229.8
1.1320 44242.4
1.1360 42574.9
1.1400 41683.6
1.1440 41184.5
1.1480 41073.7
1.1520 41368.0
1.1560 41663.2
1.1600 42158.1
1.1640 42034.7
1.1680 41809.1
1.1720 41436.0
1.1760 39774.7
1.1800 38010.5
1.1840 35999.0
1.1880 33925.5
1.1920 31730.9
1.1960 30113.0
1.2000 28130.4
1.2040 26880.8
1.2080 25855.7
1.2120 24907.1
1.2160 25116.3
1.2200 25238.5
1.2240 25514.7
1.2280 26374.9
1.2320 27003.3
1.2360 27281.3
1.2400 27578.4
1.2440 27181.9
1.2480 26542.1
1.2520 25460.4
1.2560 24132.6
1.2600 22452.4
1.2640 20648.5
1.2680 19136.0
1.2720 17602.8
1.2760 16539.9
1.2800 15469.9
1.2840 14967.4
1.2880 14672.1
1.2920 15029.4
1.2960 15371.8
1.3000 15949.8
1.3040 16488.5
1.3080 17212.9
1.3120 17581.9
1.3160 17741.0
1.3200 17500.5
1.3240 17064.8
1.3280 16504.9
1.3320 15381.7
1.3360 14552.8
1.3400 12989.2
1.3440 11716.7
1.3480 10613.9
1.3520 9792.2
1.3560 8811.3
1.3600 8575.4
1.3640 8270.4
1.3680 8530.5
1.3720 8819.1
1.3760 9068.5
1.3800 9842.4
1.3840 10521.4
1.3880 10910.6
1.3920 11235.6
1.3960 11382.1
1.4000 11157.8
1.4040 10690.1
1.4080 10081.6
1.4120 9310.5
1.4160 8448.1
1.4200 7487.7
1.4240 6551.0
1.4280 5743.6
1.4320 5075.3
1.4360 4648.7
1.4400 4403.1
1.4440 4406.5
1.4480 4683.2
1.4520 4835.5
1.4560 5443.4
1.4600 5967.9
1.4640 6306.2
1.4680 6705.6
1.4720 6967.7
1.4760 6972.8
1.4800 6769.0
1.4840 6554.4
1.4880 6135.8
1.4920 5411.5
1.4960 5098.0
1.5000 4356.0
1.5040 3741.7
1.5080 3070.4
1.5120 2591.8
1.5160 2270.2
1.5200 2000.7
1.5240 2094.5
1.5280 2297.9
1.5320 2511.4
1.5360 2845.8
1.5400 3102.3
1.5440 3548.7
1.5480 3879.5
1.5520 4129.0
1.5560 4209.7
1.5600 4201.3
1.5640 4082.8
1.5680 3678.8
1.5720 3295.2
1.5760 2896.9
1.5800 2439.4
1.5840 2056.0
1.5880 1651.1
1.5920 1315.9
1.5960 1140.5
1.6000 947.6
1.6040 906.7
1.6080 1031.9
1.6120 1060.3
1.6160 1354.4
1.6200 1604.3
1.6240 1888.6
1.6280 2212.5
1.6320 2287.0
1.6360 2531.5
1.6400 2497.2
1.6440 2343.1
1.6480 2198.3
1.6520 2047.6
1.6560 1774.1
1.6600 1516.5
1.6640 1200.6
1.6680 991.0
1.6720 753.9
1.6760 572.0
1.6800 468.6
1.6840 427.7
1.6880 455.2
1.6920 549.5
1.6960 635.4
1.7000 807.3
1.7040 933.4
1.7080 1114.6
1.7120 1219.0
1.7160 1353.5
1.7200 1452.2
1.7240 1313.4
1.7280 1336.0
1.7320 1297.5
1.7360 1148.8
1.7400 985.2
1.7440 846.6
1.7480 639.6
1.7520 489.4
1.7560 363.5
1.7600 262.6
1.7640 241.7
1.7680 243.4
1.7720 264.2
1.7760 365.1
1.7800 423.5
1.7840 528.6
1.7880 643.8
1.7920 739.7
1.7960 756.4
1.8000 868.3
1.8040 839.1
1.8080 830.7
1.8120 804.8
1.8160 721.4
1.8200 603.7
1.8240 537.8
1.8280 429.4
1.8320 346.8
1.8360 273.4
1.8400 225.1
1.8440 190.0
1.8480 167.5
1.8520 211.7
1.8560 268.4
1.8600 307.6
1.8640 395.2
1.8680 470.2
1.8720 458.5
1.8760 521.9
1.8800 596.2
1.8840 581.2
1.8880 567.8
1.8920 565.3
1.8960 512.8
1.9000 418.5
1.9040 372.6
1.9080 310.9
1.9120 257.6
1.9160 207.5
1.9200 155.9
1.9240 156.7
1.9280 175.9
1.9320 194.2
1.9360 234.2
1.9400 285.9
1.9440 325.1
1.9480 375.1
1.9520 430.2
1.9560 504.4
1.9600 496.9
1.9640 522.8
1.9680 496.9
1.9720 460.2
1.9760 486.1
1.9800 392.7
1.9840 365.1
1.9880 282.6
1.9920 245.9
1.9960 191.7
2.0000 143.4
2.0040 131.7
2.0080 134.2
2.0120 154.2
2.0160 183.4
2.0200 208.4
2.0240 271.7
2.0280 364.3
2.0320 422.7
2.0360 481.1
2.0400 468.6
2.0440 528.6
2.0480 539.5
2.0520 515.3
2.0560 492.8
2.0600 404.3
2.0640 370.1
2.0680 335.1
2.0720 262.6
2.0760 211.7
2.0800 156.7
2.0840 117.5
2.0880 107.5
2.0920 110.0
2.0960 115.0
2.1000 174.2
2.1040 206.7
2.1080 278.4
2.1120 354.3
2.1160 405.2
2.1200 491.1
2.1240 526.9
2.1280 572.8
2.1320 602.0
2.1360 574.5
2.1400 542.8
2.1440 521.1
2.1480 460.2
2.1520 393.5
2.1560 319.3
2.1600 233.4
2.1640 195.9
2.1680 129.2
2.1720 100.8
2.1760 105.8
2.1800 103.3
2.1840 126.7
2.1880 178.4
2.1920 245.1
2.1960 313.4
2.2000 378.5
2.2040 461.1
2.2080 526.9
2.2120 558.7
2.2160 608.7
2.2200 643.8
2.2240 621.2
2.2280 611.2
2.2320 538.6
2.2360 486.1
2.2400 410.2
2.2440 339.3
2.2480 284.2
2.2520 210.9
2.2560 155.9
2.2600 129.2
2.2640 108.3
2.2680 115.8
2.2720 125.0
2.2760 190.9
2.2800 264.2
2.2840 327.6
2.2880 410.2
2.2920 495.3
2.2960 566.2
2.3000 669.6
2.3040 706.3
2.3080 678.8
2.3120 667.1
2.3160 657.1
2.3200 602.0
2.3240 539.5
2.3280 424.4
2.3320 399.3
2.3360 289.3
2.3400 250.1
2.3440 165.9
2.3480 143.4
2.3520 109.2
2.3560 146.7
2.3600 165.0
2.3640 214.2
2.3680 281.7
2.3720 372.6
2.3760 436.0
2.3800 550.3
2.3840 619.6
2.3880 720.5
2.3920 695.5
2.3960 733.9
2.4000 737.2
2.4040 733.9
2.4080 661.3
2.4120 607.9
2.4160 553.6
2.4200 452.7
2.4240 348.5
2.4280 269.2
2.4320 187.5
2.4360 188.4
2.4400 168.4
2.4440 135.9
2.4480 184.2
2.4520 199.2
2.4560 288.4
2.4600 355.1
2.4640 406.8
2.4680 558.7
2.4720 657.1
2.4760 680.5
2.4800 721.4
2.4840 795.6
2.4880 812.3
2.4920 732.2
2.4960 781.4
2.5000 678.0
2.5040 583.7
2.5080 530.3
2.5120 433.5
2.5160 344.3
2.5200 282.6
2.5240 234.2
2.5280 185.9
2.5320 166.7
2.5360 182.5
2.5400 223.4
2.5440 258.4
2.5480 280.1
2.5520 355.1
2.5560 476.1
2.5600 549.5
2.5640 622.1
2.5680 682.1
2.5720 745.6
2.5760 779.8
2.5800 746.4
2.5840 700.5
2.5880 678.0
2.5920 637.9
2.5960 544.5
2.6000 486.9
2.6040 407.7
2.6080 290.1
2.6120 255.9
2.6160 216.7
2.6200 207.5
2.6240 160.0
2.6280 183.4
2.6320 189.2
2.6360 268.4
2.6400 343.5
2.6440 424.3
2.6480 480.2
2.6520 587.0
2.6560 633.7
2.6600 668.0
2.6640 739.7
2.6680 730.5
2.6720 658.8
2.6760 674.6
2.6800 667.1
2.6840 597.0
2.6880 528.6
2.6920 410.2
2.6960 378.5
2.7000 286.8
2.7040 232.6
2.7080 189.2
2.7120 182.5
2.7160 154.2
2.7200 215.9
2.7240 240.1
2.7280 251.7
2.7320 343.5
2.7360 410.2
2.7400 471.9
2.7440 522.8
2.7480 600.4
2.7520 629.6
2.7560 684.6
2.7600 655.4
2.7640 669.6
2.7680 572.0
2.7720 612.0
2.7760 514.4
2.7800 499.4
2.7840 426.0
2.7880 329.3
2.7920 274.2
2.7960 216.7
2.8000 181.7
2.8040 175.0
2.8080 167.5
2.8120 163.4
2.8160 220.9
2.8200 284.2
2.8240 309.3
2.8280 386.8
2.8320 435.2
2.8360 532.0
2.8400 520.3
2.8440 543.6
2.8480 601.2
2.8520 614.6
2.8560 579.5
2.8600 541.1
2.8640 532.8
2.8680 476.1
2.8720 395.2
2.8760 344.3
2.8800 289.3
2.8840 233.4
2.8880 213.4
2.8920 175.9
2.8960 149.2
2.9000 142.5
2.9040 170.0
2.9080 180.0
2.9120 245.9
2.9160 298.4
2.9200 366.8
2.9240 364.3
2.9280 467.7
2.9320 510.3
2.9360 542.0
2.9400 537.0
2.9440 540.3
2.9480 491.9
2.9520 485.2
2.9560 450.2
2.9600 384.3
2.9640 361.8
2.9680 285.1
2.9720 247.6
2.9760 200.0
2.9800 176.7
2.9840 139.2
2.9880 145.9
2.9920 166.7
2.9960 160.9
3.0000 181.7
3.0040 208.4
3.0080 262.6
3.0120 344.3
3.0160 372.6
3.0200 397.7
3.0240 412.7
3.0280 491.1
3.0320 468.6
3.0360 506.1
3.0400 440.2
3.0440 466.9
3.0480 409.3
3.0520 338.5
3.0560 333.4
3.0600 289.3
3.0640 225.9
3.0680 187.5
3.0720 168.4
3.0760 141.7
3.0800 131.7
3.0840 154.2
3.0880 138.4
3.0920 175.9
3.0960 218.4
3.1000 219.2
3.1040 276.7
3.1080 289.3
3.1120 356.0
3.1160 371.0
3.1200 405.2
3.1240 446.0
3.1280 437.7
3.1320 408.5
3.1360 380.1
3.1400 370.1
3.1440 311.8
3.1480 285.1
3.1520 254.2
3.1560 225.1
3.1600 181.7
3.1640 162.5
3.1680 140.0
3.1720 128.4
3.1760 119.2
3.1800 124.2
3.1840 137.5
3.1880 186.7
3.1920 183.4
3.1960 232.6
3.2000 245.1
3.2040 281.7
3.2080 303.4
3.2120 339.3
3.2160 335.9
3.2200 378.5
3.2240 349.3
3.2280 311.8
3.2320 320.1
3.2360 305.9
3.2400 259.2
3.2440 219.2
3.2480 203.4
3.2520 165.9
3.2560 140.9
3.2600 130.9
3.2640 99.2
3.2680 97.5
3.2720 101.7
3.2760 123.3
3.2800 152.5
3.2840 182.5
3.2880 207.5
3.2920 226.7
3.2960 245.9
3.3000 275.1
3.3040 299.3
3.3080 292.6
3.3120 309.3
3.3160 302.6
3.3200 284.3
3.3240 285.9
3.3280 260.1
3.3320 214.2
3.3360 217.5
3.3400 180.9
3.3440 138.4
3.3480 126.7
3.3520 105.8
3.3560 120.0
3.3600 90.0
3.3640 93.3
3.3680 90.8
3.3720 106.7
3.3760 142.5
3.3800 178.4
3.3840 202.5
3.3880 199.2
3.3920 215.0
3.3960 280.1
3.4000 301.8
3.4040 270.1
3.4080 251.7
3.4120 257.6
3.4160 236.7
3.4200 229.2
3.4240 195.0
3.4280 190.9
3.4320 153.4
3.4360 140.9
3.4400 106.7
3.4440 104.2
3.4480 104.2
3.4520 74.2
3.4560 86.7
3.4600 94.2
3.4640 101.7
3.4680 119.2
3.4720 140.9
3.4760 158.4
3.4800 173.4
3.4840 191.7
3.4880 202.5
3.4920 220.9
3.4960 234.2
3.5000 222.6
3.5040 234.2
3.5080 211.7
3.5120 203.4
3.5160 183.4
3.5200 146.7
3.5240 129.2
3.5280 121.7
3.5320 98.3
3.5360 83.3
3.5400 74.2
3.5440 68.3
3.5480 74.2
3.5520 77.5
3.5560 102.5
3.5600 96.7
3.5640 111.7
3.5680 143.4
3.5720 134.2
3.5760 159.2
3.5800 184.2
3.5840 163.4
3.5880 195.0
3.5920 196.7
3.5960 175.9
3.6000 193.4
3.6040 157.5
3.6080 160.9
3.6120 120.8
3.6160 112.5
3.6200 107.5
3.6240 90.8
3.6280 68.3
3.6320 59.2
3.6360 62.5
3.6400 65.0
3.6440 55.8
3.6480 70.0
3.6520 69.2
3.6560 85.8
3.6600 111.7
3.6640 85.0
3.6680 110.8
3.6720 138.4
3.6760 155.0
3.6800 145.0
3.6840 140.0
3.6880 149.2
3.6920 139.2
3.6960 125.8
3.7000 138.4
3.7040 109.2
3.7080 92.5
3.7120 101.7
3.7160 59.2
3.7200 62.5
3.7240 50.0
3.7280 42.5
3.7320 50.0
3.7360 56.7
3.7400 62.5
3.7440 65.8
3.7480 54.2
3.7520 88.3
3.7560 100.8
3.7600 100.8
3.7640 98.3
3.7680 127.5
3.7720 116.7
3.7760 112.5
3.7800 129.2
3.7840 130.0
3.7880 115.8
3.7920 92.5
3.7960 96.7
3.8000 90.8
3.8040 72.5
3.8080 46.7
3.8120 50.8
3.8160 45.8
3.8200 35.0
3.8240 42.5
3.8280 37.5
3.8320 45.0
3.8360 48.3
3.8400 65.8
3.8440 66.7
3.8480 77.5
3.8520 76.7
3.8560 91.7
3.8600 109.2
3.8640 95.8
3.8680 106.7
3.8720 108.3
3.8760 97.5
3.8800 82.5
3.8840 90.0
3.8880 64.2
3.8920 70.0
3.8960 55.8
3.9000 53.3
3.9040 49.2
3.9080 44.2
3.9120 38.3
3.9160 35.0
3.9200 42.5
3.9240 34.2
3.9280 37.5
3.9320 35.0
3.9360 52.5
3.9400 61.7
3.9440 48.3
3.9480 57.5
3.9520 76.7
3.9560 71.7
3.9600 101.7
3.9640 66.7
3.9680 82.5
3.9720 89.2
3.9760 63.3
3.9800 80.8
3.9840 60.0
3.9880 54.2
3.9920 48.3
3.9960 44.2
4.0000 36.7
4.0040 27.5
4.0080 34.2
4.0120 30.8
4.0160 20.0
4.0200 34.2
4.0240 41.7
4.0280 38.3
4.0320 37.5
4.0360 40.0
4.0400 65.0
4.0440 59.2
4.0480 68.3
4.0520 60.0
4.0560 66.7
4.0600 74.2
4.0640 80.0
4.0680 65.8
4.0720 62.5
4.0760 45.8
4.0800 40.8
4.0840 40.0
4.0880 24.2
4.0920 29.2
4.0960 25.8
4.1000 25.0
4.1040 17.5
4.1080 14.2
4.1120 24.2
4.1160 20.0
4.1200 32.5
4.1240 38.3
4.1280 44.2
4.1320 46.7
4.1360 53.3
4.1400 51.7
4.1440 56.7
4.1480 61.7
4.1520 66.7
4.1560 61.7
4.1600 61.7
4.1640 57.5
4.1680 47.5
4.1720 45.8
4.1760 31.7
4.1800 28.3
4.1840 31.7
4.1880 26.7
4.1920 25.8
4.1960 19.2
4.2000 20.0
4.2040 30.0
4.2080 20.0
4.2120 26.7
4.2160 21.7
4.2200 34.2
4.2240 37.5
4.2280 39.2
4.2320 39.2
4.2360 43.3
4.2400 53.3
4.2440 56.7
4.2480 55.0
4.2520 43.3
4.2560 47.5
4.2600 47.5
4.2640 37.5
4.2680 31.7
4.2720 25.0
4.2760 22.5
4.2800 18.3
4.2840 26.7
4.2880 28.3
4.2920 12.5
4.2960 25.0
4.3000 25.0
4.3040 15.8
4.3080 34.2
4.3120 30.8
4.3160 26.7
4.3200 40.0
4.3240 46.7
4.3280 50.8
4.3320 56.7
4.3360 41.7
4.3400 46.7
4.3440 60.0
4.3480 39.2
4.3520 40.8
4.3560 38.3
4.3600 30.0
4.3640 36.7
4.3680 33.3
4.3720 17.5
4.3760 21.7
4.3800 15.0
4.3840 12.5
4.3880 20.8
4.3920 19.2
4.3960 14.2
4.4000 17.5
4.4040 24.2
4.4080 18.3
4.4120 29.2
4.4160 37.5
4.4200 45.8
4.4240 30.8
4.4280 52.5
4.4320 39.2
4.4360 39.2
4.4400 45.0
4.4440 29.2
4.4480 30.8
4.4520 29.2
4.4560 25.8
4.4600 22.5
4.4640 17.5
4.4680 16.7
4.4720 13.3
4.4760 10.8
4.4800 15.8
4.4840 15.0
4.4880 15.8
4.4920 18.3
4.4960 12.5
4.5000 31.7
4.5040 20.0
4.5080 24.2
4.5120 32.5
4.5160 35.0
4.5200 42.5
4.5240 21.7
4.5280 34.2
4.5320 35.8
4.5360 25.8
4.5400 26.7
4.5440 26.7
4.5480 23.3
4.5520 18.3
4.5560 16.7
4.5600 13.3
4.5640 15.0
4.5680 7.5
4.5720 11.7
4.5760 7.5
4.5800 13.3
4.5840 16.7
4.5880 12.5
4.5920 16.7
4.5960 23.3
4.6000 17.5
4.6040 22.5
4.6080 30.0
4.6120 20.8
4.6160 25.8
4.6200 36.7
4.6240 24.2
4.6280 28.3
4.6320 25.8
4.6360 26.7
4.6400 21.7
4.6440 21.7
4.6480 14.2
4.6520 15.8
4.6560 12.5
4.6600 10.0
4.6640 10.8
4.6680 10.8
4.6720 5.0
4.6760 9.2
4.6800 16.7
4.6840 11.7
4.6880 17.5
4.6920 20.0
4.6960 20.0
4.7000 25.0
4.7040 28.3
4.7080 19.2
4.7120 18.3
4.7160 22.5
4.7200 30.0
4.7240 18.3
4.7280 27.5
4.7320 20.8
4.7360 15.0
4.7400 20.8
4.7440 17.5
4.7480 5.8
4.7520 8.3
4.7560 13.3
4.7600 7.5
4.7640 13.3
4.7680 5.8
4.7720 12.5
4.7760 8.3
4.7800 10.0
4.7840 16.7
4.7880 15.0
4.7920 15.0
4.7960 14.2
4.8000 15.8
4.8040 23.3
4.8080 20.0
4.8120 15.8
4.8160 19.2
4.8200 19.2
4.8240 6.7
4.8280 10.8
4.8320 15.8
4.8360 9.2
4.8400 9.2
4.8440 5.0
4.8480 5.0
4.8520 8.3
4.8560 8.3
4.8600 7.5
4.8640 9.2
4.8680 11.7
4.8720 10.0
4.8760 7.5
4.8800 15.8
4.8840 10.0
4.8880 15.0
4.8920 17.5
4.8960 11.7
4.9000 15.8
4.9040 16.7
4.9080 13.3
4.9120 12.5
4.9160 15.0
4.9200 9.2
4.9240 14.2
4.9280 9.2
4.9320 7.5
4.9360 11.7
4.9400 5.8
4.9440 6.7
4.9480 2.5
4.9520 4.2
4.9560 5.0
4.9600 11.7
4.9640 5.8
4.9680 1.7
4.9720 9.2
4.9760 11.7
4.9800 10.8
4.9840 15.8
4.9880 6.7
4.9920 13.3
4.9960 10.0
5.0000 16.7
