;Bundle             = 1
;Partition          = 1
;Operator           = 
;Gonio              = ATX-G
;Memo               = 
;IncidentMonochro   = ½Ø¯ÄºØÒ°¼®Ý
;CounterMonochro    = ŽóŒõ½Ø¯Ä
;Attachment         = XY-STAGE
;Filter             = 
;SlitName0          = S1 10*1
;SlitName1          = S2 2*0.05
;SlitName2          = ATT 
;SlitName3          = RS 2*0.1
;SlitName4          = GS nothing
;Counter            = SC-70
;KAlpha1            = 1.5403
;KAlpha2            = 1.5434
;KBata              = 0
;Target             = Cu
;KV                 = 50
;mA                 = 300
;AxisName           = 2Theta/Omega
;MeasurementMethod = Continuation
;Start              = 0.2
;Finish             = 6
;Speed              = 0.2
;FixedTime          = 
;Width              = 0.004
;FullScale         = 1e+06
;Comment            = 0.35
;SampleName         = 
;Xunit              = deg.
;Yunit              = CPS
0.2000 307205.7
0.2040 325220.8
0.2080 345485.2
0.2120 364908.6
0.2160 382814.9
0.2200 399338.2
0.2240 396966.2
0.2280 408772.5
0.2320 421883.5
0.2360 435348.6
0.2400 444633.3
0.2440 461501.8
0.2480 472620.8
0.2520 484949.4
0.2560 490646.9
0.2600 501129.5
0.2640 514240.5
0.2680 523861.4
0.2720 533443.3
0.2760 542848.6
0.2800 545231.6
0.2840 554050.1
0.2880 557650.1
0.2920 559204.2
0.2960 568273.3
0.3000 572265.4
0.3040 577629.9
0.3080 580892.6
0.3120 585459.9
0.3160 592624.9
0.3200 594905.4
0.3240 595943.6
0.3280 602750.2
0.3320 606279.2
0.3360 611160.6
0.3400 621088.1
0.3440 629534.5
0.3480 626211.6
0.3520 635217.2
0.3560 638653.2
0.3600 646178.8
0.3640 645027.4
0.3680 643915.2
0.3720 653613.4
0.3760 653511.9
0.3800 656681.5
0.3840 659600.6
0.3880 662422.4
0.3920 668475.1
0.3960 675354.6
0.4000 676767.1
0.4040 683642.4
0.4080 686370.1
0.4120 689125.2
0.4160 696924.6
0.4200 699772.8
0.4240 703724.8
0.4280 708146.2
0.4320 707536.2
0.4360 717861.3
0.4400 725199.7
0.4440 726146.9
0.4480 723583.1
0.4520 724192.1
0.4560 727184.1
0.4600 723676.2
0.4640 716551.4
0.4680 703980.7
0.4720 698278.9
0.4760 686712.6
0.4800 678711.4
0.4840 662698.3
0.4880 656046.1
0.4920 650198.4
0.4960 643990.2
0.5000 635042.8
0.5040 636931.0
0.5080 633961.2
0.5120 637326.4
0.5160 637913.2
0.5200 631109.8
0.5240 636679.4
0.5280 635036.4
0.5320 634224.4
0.5360 634540.6
0.5400 637640.4
0.5440 636009.1
0.5480 636127.5
0.5520 637162.6
0.5560 632887.1
0.5600 636023.9
0.5640 632663.9
0.5680 631475.6
0.5720 634061.6
0.5760 635516.4
0.5800 640473.9
0.5840 636303.0
0.5880 633212.7
0.5920 630220.7
0.5960 630270.4
0.6000 628027.9
0.6040 628290.1
0.6080 628802.9
0.6120 623764.1
0.6160 628122.0
0.6200 617851.9
0.6240 622110.5
0.6280 615633.8
0.6320 615067.1
0.6360 616158.2
0.6400 615454.1
0.6440 607193.8
0.6480 602938.4
0.6520 600866.1
0.6560 591483.1
0.6600 591340.3
0.6640 584343.5
0.6680 582403.4
0.6720 571644.9
0.6760 567035.2
0.6800 560912.8
0.6840 554433.9
0.6880 549296.8
0.6920 537472.4
0.6960 530671.2
0.7000 523178.5
0.7040 515195.2
0.7080 502090.6
0.7120 488927.8
0.7160 477524.3
0.7200 471011.7
0.7240 456653.2
0.7280 441284.0
0.7320 426475.1
0.7360 412803.8
0.7400 393124.2
0.7440 383662.9
0.7480 368407.8
0.7520 354281.9
0.7560 337361.7
0.7600 323318.3
0.7640 323233.3
0.7680 309124.1
0.7720 293653.8
0.7760 278867.1
0.7800 265465.4
0.7840 251626.6
0.7880 240039.4
0.7920 227673.8
0.7960 215462.2
0.8000 206632.4
0.8040 194675.9
0.8080 186923.4
0.8120 177040.0
0.8160 168865.1
0.8200 161114.6
0.8240 153980.9
0.8280 147999.5
0.8320 140747.5
0.8360 134541.6
0.8400 128858.7
0.8440 123556.9
0.8480 118536.9
0.8520 113930.5
0.8560 109807.2
0.8600 105078.2
0.8640 101707.6
0.8680 97147.0
0.8720 92939.6
0.8760 89170.6
0.8800 86156.2
0.8840 83796.4
0.8880 80508.4
0.8920 77660.7
0.8960 75257.3
0.9000 71874.8
0.9040 70299.9
0.9080 68514.2
0.9120 66539.1
0.9160 64811.3
0.9200 62143.6
0.9240 60114.5
0.9280 58305.3
0.9320 56209.9
0.9360 54369.8
0.9400 52785.1
0.9440 51045.8
0.9480 49477.3
0.9520 48173.5
0.9560 47226.1
0.9600 46431.8
0.9640 45102.4
0.9680 44328.1
0.9720 42617.8
0.9760 41573.2
0.9800 40217.0
0.9840 39107.2
0.9880 38085.7
0.9920 36354.3
0.9960 34413.4
1.0000 34014.2
1.0040 32936.7
1.0080 32085.9
1.0120 32013.8
1.0160 31600.4
1.0200 30907.9
1.0240 30768.8
1.0280 30038.2
1.0320 29552.5
1.0360 28772.5
1.0400 27722.4
1.0440 26906.5
1.0480 25880.1
1.0520 25064.4
1.0560 23985.1
1.0600 22896.9
1.0640 22042.6
1.0680 21669.7
1.0720 21424.2
1.0760 20894.8
1.0800 20998.8
1.0840 20989.1
1.0880 20907.6
1.0920 20473.7
1.0960 20111.3
1.1000 19867.4
1.1040 19241.1
1.1080 18783.2
1.1120 17727.9
1.1160 16842.4
1.1200 16041.5
1.1240 15327.3
1.1280 14821.0
1.1320 13966.0
1.1360 13873.7
1.1400 13535.1
1.1440 13508.7
1.1480 13355.2
1.1520 13594.9
1.1560 13549.0
1.1600 13452.6
1.1640 13626.5
1.1680 13431.3
1.1720 13010.5
1.1760 12621.0
1.1800 12183.9
1.1840 11500.8
1.1880 10900.5
1.1920 10227.8
1.1960 9589.2
1.2000 9050.7
1.2040 8429.8
1.2080 8328.0
1.2120 8370.2
1.2160 8305.8
1.2200 8271.2
1.2240 8512.8
1.2280 8536.6
1.2320 8729.1
1.2360 8639.9
1.2400 8681.6
1.2440 8468.0
1.2480 8259.3
1.2520 7729.9
1.2560 7277.9
1.2600 6769.9
1.2640 6203.2
1.2680 5843.8
1.2720 5306.2
1.2760 5068.6
1.2800 4940.7
1.2840 4663.0
1.2880 4767.3
1.2920 4801.0
1.2960 4947.4
1.3000 5043.3
1.3040 5179.0
1.3080 5382.8
1.3120 5316.3
1.3160 5270.8
1.3200 5180.8
1.3240 5022.3
1.3280 4718.5
1.3320 4366.9
1.3360 3886.2
1.3400 3589.8
1.3440 3239.0
1.3480 2820.6
1.3520 2605.2
1.3560 2456.2
1.3600 2445.3
1.3640 2422.6
1.3680 2504.7
1.3720 2626.2
1.3760 2782.1
1.3800 2869.3
1.3840 3041.2
1.3880 3122.4
1.3920 3145.9
1.3960 3053.6
1.4000 2908.6
1.4040 2720.0
1.4080 2544.1
1.4120 2295.4
1.4160 2124.6
1.4200 1790.8
1.4240 1524.9
1.4280 1271.7
1.4320 1190.6
1.4360 1164.7
1.4400 1130.5
1.4440 1106.3
1.4480 1254.1
1.4520 1318.5
1.4560 1454.7
1.4600 1607.6
1.4640 1647.8
1.4680 1698.0
1.4720 1630.2
1.4760 1652.0
1.4800 1561.7
1.4840 1512.3
1.4880 1353.5
1.4920 1198.1
1.4960 994.3
1.5000 848.2
1.5040 701.3
1.5080 582.8
1.5120 474.4
1.5160 439.4
1.5200 401.0
1.5240 472.7
1.5280 518.6
1.5320 561.2
1.5360 691.3
1.5400 696.3
1.5440 878.3
1.5480 897.5
1.5520 894.1
1.5560 859.1
1.5600 841.6
1.5640 760.6
1.5680 735.6
1.5720 575.3
1.5760 524.4
1.5800 419.3
1.5840 291.8
1.5880 235.9
1.5920 184.2
1.5960 163.4
1.6000 154.2
1.6040 169.2
1.6080 210.0
1.6120 228.4
1.6160 295.9
1.6200 343.5
1.6240 401.0
1.6280 421.0
1.6320 429.4
1.6360 429.4
1.6400 412.7
1.6440 377.6
1.6480 399.3
1.6520 335.9
1.6560 295.9
1.6600 259.2
1.6640 214.2
1.6680 137.5
1.6720 125.8
1.6760 100.8
1.6800 100.8
1.6840 115.0
1.6880 98.3
1.6920 112.5
1.6960 156.7
1.7000 163.4
1.7040 209.2
1.7080 222.6
1.7120 229.2
1.7160 245.1
1.7200 250.1
1.7240 238.4
1.7280 242.6
1.7320 200.0
1.7360 219.2
1.7400 219.2
1.7440 175.9
1.7480 176.7
1.7520 150.9
1.7560 132.5
1.7600 133.4
1.7640 115.8
1.7680 107.5
1.7720 112.5
1.7760 112.5
1.7800 136.7
1.7840 129.2
1.7880 127.5
1.7920 130.9
1.7960 141.7
1.8000 160.0
1.8040 153.4
1.8080 142.5
1.8120 141.7
1.8160 167.5
1.8200 161.7
1.8240 161.7
1.8280 158.4
1.8320 149.2
1.8360 144.2
1.8400 145.0
1.8440 137.5
1.8480 135.9
1.8520 153.4
1.8560 135.9
1.8600 120.8
1.8640 139.2
1.8680 142.5
1.8720 135.9
1.8760 108.3
1.8800 112.5
1.8840 104.2
1.8880 128.4
1.8920 114.2
1.8960 116.7
1.9000 133.4
1.9040 141.7
1.9080 115.0
1.9120 138.4
1.9160 151.7
1.9200 130.9
1.9240 148.4
1.9280 137.5
1.9320 151.7
1.9360 139.2
1.9400 160.9
1.9440 145.0
1.9480 144.2
1.9520 149.2
1.9560 145.0
1.9600 125.8
1.9640 144.2
1.9680 113.3
1.9720 111.7
1.9760 85.8
1.9800 127.5
1.9840 110.0
1.9880 110.8
1.9920 106.7
1.9960 97.5
2.0000 97.5
2.0040 129.2
2.0080 111.7
2.0120 121.7
2.0160 123.3
2.0200 111.7
2.0240 155.0
2.0280 134.2
2.0320 152.5
2.0360 159.2
2.0400 163.4
2.0440 161.7
2.0480 154.2
2.0520 133.4
2.0560 138.4
2.0600 146.7
2.0640 136.7
2.0680 122.5
2.0720 108.3
2.0760 88.3
2.0800 96.7
2.0840 83.3
2.0880 67.5
2.0920 80.0
2.0960 91.7
2.1000 95.0
2.1040 105.8
2.1080 85.0
2.1120 129.2
2.1160 129.2
2.1200 141.7
2.1240 162.5
2.1280 183.4
2.1320 191.7
2.1360 191.7
2.1400 190.9
2.1440 190.0
2.1480 160.0
2.1520 160.0
2.1560 140.0
2.1600 144.2
2.1640 115.8
2.1680 74.2
2.1720 74.2
2.1760 53.3
2.1800 65.0
2.1840 74.2
2.1880 64.2
2.1920 106.7
2.1960 99.2
2.2000 121.7
2.2040 155.0
2.2080 172.5
2.2120 186.7
2.2160 230.1
2.2200 220.9
2.2240 218.4
2.2280 238.4
2.2320 239.2
2.2360 233.4
2.2400 208.4
2.2440 181.7
2.2480 147.5
2.2520 115.0
2.2560 99.2
2.2600 83.3
2.2640 55.8
2.2680 61.7
2.2720 50.8
2.2760 75.0
2.2800 90.0
2.2840 117.5
2.2880 151.7
2.2920 191.7
2.2960 226.7
2.3000 261.7
2.3040 309.3
2.3080 300.9
2.3120 311.8
2.3160 306.8
2.3200 273.4
2.3240 275.1
2.3280 249.2
2.3320 230.1
2.3360 205.9
2.3400 150.0
2.3440 127.5
2.3480 100.8
2.3520 90.0
2.3560 64.2
2.3600 65.0
2.3640 75.0
2.3680 100.0
2.3720 139.2
2.3760 167.5
2.3800 230.1
2.3840 252.6
2.3880 320.9
2.3920 350.1
2.3960 354.3
2.4000 372.6
2.4040 359.3
2.4080 366.8
2.4120 345.1
2.4160 318.4
2.4200 295.9
2.4240 237.6
2.4280 188.4
2.4320 158.4
2.4360 131.7
2.4400 114.2
2.4440 100.8
2.4480 80.0
2.4520 99.2
2.4560 114.2
2.4600 167.5
2.4640 200.9
2.4680 241.7
2.4720 286.8
2.4760 325.1
2.4800 315.9
2.4840 382.7
2.4880 436.9
2.4920 388.5
2.4960 368.5
2.5000 384.3
2.5040 376.0
2.5080 316.8
2.5120 294.3
2.5160 255.1
2.5200 200.0
2.5240 140.0
2.5280 127.5
2.5320 110.8
2.5360 90.0
2.5400 116.7
2.5440 134.2
2.5480 190.0
2.5520 185.9
2.5560 240.9
2.5600 285.1
2.5640 316.8
2.5680 351.8
2.5720 426.0
2.5760 425.2
2.5800 480.2
2.5840 433.5
2.5880 407.7
2.5920 372.6
2.5960 349.3
2.6000 275.9
2.6040 268.4
2.6080 205.9
2.6120 185.0
2.6160 170.9
2.6200 138.4
2.6240 129.2
2.6280 108.3
2.6320 142.5
2.6360 155.9
2.6400 190.9
2.6440 211.7
2.6480 255.1
2.6520 320.1
2.6560 345.1
2.6600 375.1
2.6640 412.7
2.6680 434.4
2.6720 421.0
2.6760 433.5
2.6800 395.2
2.6840 359.3
2.6880 295.1
2.6920 274.2
2.6960 225.9
2.7000 181.7
2.7040 172.5
2.7080 142.5
2.7120 133.4
2.7160 127.5
2.7200 128.3
2.7240 158.4
2.7280 158.4
2.7320 207.5
2.7360 237.6
2.7400 270.1
2.7440 312.6
2.7480 376.8
2.7520 386.0
2.7560 423.5
2.7600 361.8
2.7640 373.5
2.7680 356.0
2.7720 353.5
2.7760 302.6
2.7800 255.9
2.7840 244.2
2.7880 207.5
2.7920 148.4
2.7960 157.5
2.8000 128.4
2.8040 118.3
2.8080 129.2
2.8120 124.2
2.8160 165.0
2.8200 153.4
2.8240 200.9
2.8280 223.4
2.8320 256.7
2.8360 292.6
2.8400 310.1
2.8440 307.6
2.8480 313.4
2.8520 333.4
2.8560 333.4
2.8600 313.4
2.8640 293.4
2.8680 247.6
2.8720 216.7
2.8760 190.9
2.8800 165.0
2.8840 150.0
2.8880 114.2
2.8920 111.7
2.8960 104.2
2.9000 95.8
2.9040 95.8
2.9080 139.2
2.9120 140.9
2.9160 187.5
2.9200 201.7
2.9240 227.6
2.9280 244.2
2.9320 318.4
2.9360 285.1
2.9400 280.9
2.9440 257.6
2.9480 280.1
2.9520 245.9
2.9560 234.2
2.9600 221.7
2.9640 193.4
2.9680 165.0
2.9720 158.4
2.9760 130.9
2.9800 120.8
2.9840 90.8
2.9880 100.0
2.9920 90.0
2.9960 100.8
3.0000 110.0
3.0040 126.7
3.0080 160.0
3.0120 176.7
3.0160 200.9
3.0200 207.5
3.0240 235.9
3.0280 234.2
3.0320 213.4
3.0360 222.6
3.0400 257.6
3.0440 255.9
3.0480 229.2
3.0520 180.0
3.0560 160.0
3.0600 150.9
3.0640 141.7
3.0680 97.5
3.0720 90.0
3.0760 89.2
3.0800 66.7
3.0840 70.0
3.0880 80.8
3.0920 83.3
3.0960 114.2
3.1000 110.0
3.1040 140.0
3.1080 163.4
3.1120 173.4
3.1160 202.5
3.1200 183.4
3.1240 200.0
3.1280 244.2
3.1320 201.7
3.1360 192.5
3.1400 160.9
3.1440 155.0
3.1480 143.4
3.1520 137.5
3.1560 126.7
3.1600 77.5
3.1640 90.0
3.1680 80.0
3.1720 59.2
3.1760 68.3
3.1800 57.5
3.1840 95.0
3.1880 93.3
3.1920 96.7
3.1960 112.5
3.2000 145.9
3.2040 145.0
3.2080 160.0
3.2120 173.4
3.2160 170.9
3.2200 172.5
3.2240 170.0
3.2280 169.2
3.2320 178.4
3.2360 153.4
3.2400 173.4
3.2440 125.0
3.2480 96.7
3.2520 95.8
3.2560 72.5
3.2600 71.7
3.2640 66.7
3.2680 54.2
3.2720 60.8
3.2760 55.0
3.2800 79.2
3.2840 87.5
3.2880 80.8
3.2920 123.3
3.2960 138.4
3.3000 128.4
3.3040 150.0
3.3080 162.5
3.3120 156.7
3.3160 154.2
3.3200 161.7
3.3240 144.2
3.3280 160.9
3.3320 125.0
3.3360 116.7
3.3400 89.2
3.3440 90.0
3.3480 80.0
3.3520 60.0
3.3560 64.2
3.3600 62.5
3.3640 54.2
3.3680 52.5
3.3720 75.8
3.3760 70.8
3.3800 90.0
3.3840 90.0
3.3880 115.8
3.3920 116.7
3.3960 109.2
3.4000 135.0
3.4040 155.9
3.4080 151.7
3.4120 138.4
3.4160 146.7
3.4200 143.4
3.4240 120.0
3.4280 94.2
3.4320 103.3
3.4360 74.2
3.4400 75.0
3.4440 68.3
3.4480 65.8
3.4520 50.0
3.4560 58.3
3.4600 50.0
3.4640 55.8
3.4680 67.5
3.4720 81.7
3.4760 89.2
3.4800 116.7
3.4840 110.8
3.4880 118.3
3.4920 134.2
3.4960 137.5
3.5000 150.0
3.5040 131.7
3.5080 143.4
3.5120 144.2
3.5160 108.3
3.5200 100.8
3.5240 97.5
3.5280 80.8
3.5320 75.0
3.5360 60.8
3.5400 65.0
3.5440 56.7
3.5480 54.2
3.5520 60.8
3.5560 58.3
3.5600 79.2
3.5640 66.7
3.5680 74.2
3.5720 95.0
3.5760 89.2
3.5800 110.8
3.5840 109.2
3.5880 120.0
3.5920 129.2
3.5960 115.8
3.6000 149.2
3.6040 143.4
3.6080 125.0
3.6120 105.0
3.6160 110.0
3.6200 86.7
3.6240 80.8
3.6280 57.5
3.6320 60.8
3.6360 58.3
3.6400 43.3
3.6440 50.0
3.6480 52.5
3.6520 45.0
3.6560 68.3
3.6600 85.8
3.6640 86.7
3.6680 100.8
3.6720 96.7
3.6760 125.0
3.6800 113.3
3.6840 115.0
3.6880 124.2
3.6920 126.7
3.6960 131.7
3.7000 103.3
3.7040 94.2
3.7080 95.0
3.7120 71.7
3.7160 70.0
3.7200 47.5
3.7240 52.5
3.7280 50.8
3.7320 42.5
3.7360 31.7
3.7400 45.0
3.7440 45.0
3.7480 70.0
3.7520 60.8
3.7560 66.7
3.7600 61.7
3.7640 98.3
3.7680 90.0
3.7720 108.3
3.7760 103.3
3.7800 105.8
3.7840 111.7
3.7880 119.2
3.7920 97.5
3.7960 95.0
3.8000 85.8
3.8040 69.2
3.8080 62.5
3.8120 61.7
3.8160 50.8
3.8200 39.2
3.8240 40.8
3.8280 40.0
3.8320 58.3
3.8360 49.2
3.8400 50.8
3.8440 45.8
3.8480 63.3
3.8520 67.5
3.8560 96.7
3.8600 81.7
3.8640 90.0
3.8680 81.7
3.8720 100.8
3.8760 78.3
3.8800 95.0
3.8840 80.8
3.8880 73.3
3.8920 66.7
3.8960 65.8
3.9000 47.5
3.9040 36.7
3.9080 41.7
3.9120 39.2
3.9160 41.7
3.9200 35.8
3.9240 37.5
3.9280 32.5
3.9320 40.0
3.9360 39.2
3.9400 43.3
3.9440 67.5
3.9480 60.0
3.9520 61.7
3.9560 57.5
3.9600 80.8
3.9640 77.5
3.9680 80.0
3.9720 79.2
3.9760 68.3
3.9800 58.3
3.9840 60.8
3.9880 47.5
3.9920 38.3
3.9960 40.8
4.0000 41.7
4.0040 31.7
4.0080 29.2
4.0120 16.7
4.0160 27.5
4.0200 21.7
4.0240 35.0
4.0280 30.0
4.0320 48.3
4.0360 50.8
4.0400 51.7
4.0440 50.8
4.0480 57.5
4.0520 53.3
4.0560 47.5
4.0600 57.5
4.0640 60.8
4.0680 53.3
4.0720 42.5
4.0760 48.3
4.0800 54.2
4.0840 38.3
4.0880 36.7
4.0920 36.7
4.0960 25.8
4.1000 20.0
4.1040 22.5
4.1080 25.0
4.1120 15.8
4.1160 24.2
4.1200 23.3
4.1240 20.8
4.1280 28.3
4.1320 30.0
4.1360 38.3
4.1400 35.0
4.1440 45.0
4.1480 46.7
4.1520 40.0
4.1560 44.2
4.1600 40.8
4.1640 30.8
4.1680 35.8
4.1720 31.7
4.1760 25.0
4.1800 29.2
4.1840 19.2
4.1880 25.8
4.1920 13.3
4.1960 24.2
4.2000 14.2
4.2040 15.0
4.2080 10.0
4.2120 15.8
4.2160 23.3
4.2200 27.5
4.2240 22.5
4.2280 25.8
4.2320 25.8
4.2360 30.0
4.2400 36.7
4.2440 30.8
4.2480 29.2
4.2520 25.8
4.2560 39.2
4.2600 30.0
4.2640 25.8
4.2680 23.3
4.2720 14.2
4.2760 20.0
4.2800 10.8
4.2840 15.0
4.2880 10.8
4.2920 5.0
4.2960 12.5
4.3000 11.7
4.3040 10.8
4.3080 10.8
4.3120 15.8
4.3160 16.7
4.3200 15.8
4.3240 16.7
4.3280 20.8
4.3320 23.3
4.3360 25.8
4.3400 17.5
4.3440 16.7
4.3480 27.5
4.3520 25.8
4.3560 23.3
4.3600 20.0
4.3640 20.8
4.3680 21.7
4.3720 10.8
4.3760 13.3
4.3800 13.3
4.3840 6.7
4.3880 11.7
4.3920 11.7
4.3960 10.8
4.4000 15.0
4.4040 11.7
4.4080 16.7
4.4120 11.7
4.4160 17.5
4.4200 17.5
4.4240 15.8
4.4280 20.0
4.4320 18.3
4.4360 15.8
4.4400 22.5
4.4440 13.3
4.4480 17.5
4.4520 10.8
4.4560 15.0
4.4600 11.7
4.4640 10.8
4.4680 10.8
4.4720 7.5
4.4760 7.5
4.4800 11.7
4.4840 9.2
4.4880 11.7
4.4920 5.0
4.4960 9.2
4.5000 8.3
4.5040 12.5
4.5080 8.3
4.5120 11.7
4.5160 10.0
4.5200 9.2
4.5240 15.8
4.5280 16.7
4.5320 20.0
4.5360 10.8
4.5400 13.3
4.5440 11.7
4.5480 11.7
4.5520 13.3
4.5560 15.0
4.5600 9.2
4.5640 5.0
4.5680 5.8
4.5720 9.2
4.5760 5.8
4.5800 12.5
4.5840 5.8
4.5880 7.5
4.5920 9.2
4.5960 13.3
4.6000 7.5
4.6040 10.8
4.6080 10.8
4.6120 10.8
4.6160 9.2
4.6200 7.5
4.6240 10.0
4.6280 8.3
4.6320 15.8
4.6360 7.5
4.6400 14.2
4.6440 9.2
4.6480 11.7
4.6520 10.0
4.6560 5.0
4.6600 5.8
4.6640 5.8
4.6680 6.7
4.6720 2.5
4.6760 10.0
4.6800 9.2
4.6840 5.8
4.6880 5.8
4.6920 6.7
4.6960 8.3
4.7000 5.8
4.7040 14.2
4.7080 9.2
4.7120 8.3
4.7160 5.0
4.7200 5.8
4.7240 9.2
4.7280 7.5
4.7320 5.8
4.7360 9.2
4.7400 10.0
4.7440 9.2
4.7480 4.2
4.7520 5.8
4.7560 7.5
4.7600 7.5
4.7640 7.5
4.7680 6.7
4.7720 5.0
4.7760 7.5
4.7800 4.2
4.7840 8.3
4.7880 2.5
4.7920 9.2
4.7960 3.3
4.8000 6.7
4.8040 6.7
4.8080 6.7
4.8120 5.0
4.8160 5.8
4.8200 5.8
4.8240 5.0
4.8280 6.7
4.8320 7.5
4.8360 10.8
4.8400 4.2
4.8440 10.0
4.8480 8.3
4.8520 5.0
4.8560 3.3
4.8600 4.2
4.8640 7.5
4.8680 5.0
4.8720 7.5
4.8760 4.2
4.8800 3.3
4.8840 5.0
4.8880 7.5
4.8920 6.7
4.8960 6.7
4.9000 8.3
4.9040 10.8
4.9080 10.0
4.9120 3.3
4.9160 5.0
4.9200 4.2
4.9240 8.3
4.9280 5.8
4.9320 8.3
4.9360 10.0
4.9400 5.8
4.9440 5.0
4.9480 10.0
4.9520 5.8
4.9560 1.7
4.9600 4.2
4.9640 5.8
4.9680 3.3
4.9720 4.2
4.9760 4.2
4.9800 10.8
4.9840 6.7
4.9880 4.2
4.9920 9.2
4.9960 6.7
5.0000 3.3
5.0040 5.8
5.0080 5.0
5.0120 6.7
5.0160 10.0
5.0200 4.2
5.0240 1.7
5.0280 1.7
5.0320 5.0
5.0360 5.8
5.0400 1.7
5.0440 4.2
5.0480 5.8
5.0520 6.7
5.0560 5.0
5.0600 7.5
5.0640 9.2
5.0680 1.7
5.0720 2.5
5.0760 5.8
5.0800 9.2
5.0840 8.3
5.0880 5.8
5.0920 3.3
5.0960 5.0
5.1000 3.3
5.1040 1.7
5.1080 3.3
5.1120 9.2
5.1160 5.0
5.1200 4.2
5.1240 7.5
5.1280 5.0
5.1320 7.5
5.1360 6.7
5.1400 7.5
5.1440 4.2
5.1480 5.8
5.1520 8.3
5.1560 5.0
5.1600 5.8
5.1640 4.2
5.1680 5.0
5.1720 4.2
5.1760 6.7
5.1800 4.2
5.1840 4.2
5.1880 6.7
5.1920 5.8
5.1960 7.5
5.2000 4.2
5.2040 5.8
5.2080 4.2
5.2120 7.5
5.2160 3.3
5.2200 6.7
5.2240 6.7
5.2280 10.8
5.2320 7.5
5.2360 5.0
5.2400 5.8
5.2440 5.0
5.2480 2.5
5.2520 3.3
5.2560 7.5
5.2600 3.3
5.2640 5.0
5.2680 8.3
5.2720 4.2
5.2760 3.3
5.2800 2.5
5.2840 5.0
5.2880 5.8
5.2920 5.0
5.2960 5.0
5.3000 5.8
5.3040 4.2
5.3080 4.2
5.3120 2.5
5.3160 5.0
5.3200 9.2
5.3240 7.5
5.3280 7.5
5.3320 5.8
5.3360 5.0
5.3400 4.2
5.3440 1.7
5.3480 5.8
5.3520 5.8
5.3560 6.7
5.3600 2.5
5.3640 4.2
5.3680 5.8
5.3720 5.0
5.3760 5.0
5.3800 5.8
5.3840 2.5
5.3880 2.5
5.3920 2.5
5.3960 0.8
5.4000 3.3
5.4040 4.2
5.4080 1.7
5.4120 2.5
5.4160 6.7
5.4200 0.8
5.4240 4.2
5.4280 7.5
5.4320 4.2
5.4360 5.8
5.4400 5.0
5.4440 3.3
5.4480 5.8
5.4520 3.3
5.4560 5.0
5.4600 1.7
5.4640 4.2
5.4680 8.3
5.4720 5.8
5.4760 5.8
5.4800 1.7
5.4840 7.5
5.4880 5.8
5.4920 2.5
5.4960 9.2
5.5000 6.7
5.5040 2.5
5.5080 7.5
5.5120 4.2
5.5160 5.8
5.5200 4.2
5.5240 5.8
5.5280 2.5
5.5320 0.8
5.5360 5.0
5.5400 3.3
5.5440 5.0
5.5480 5.8
5.5520 5.0
5.5560 10.8
5.5600 4.2
5.5640 8.3
5.5680 6.7
5.5720 3.3
5.5760 4.2
5.5800 5.0
5.5840 5.0
5.5880 7.5
5.5920 4.2
5.5960 5.8
5.6000 4.2
5.6040 5.0
5.6080 6.7
5.6120 6.7
5.6160 5.8
5.6200 5.8
5.6240 3.3
5.6280 3.3
5.6320 11.7
5.6360 3.3
5.6400 5.0
5.6440 5.0
5.6480 5.8
5.6520 4.2
5.6560 5.0
5.6600 3.3
5.6640 5.0
5.6680 5.0
5.6720 1.7
5.6760 6.7
5.6800 4.2
5.6840 4.2
5.6880 4.2
5.6920 2.5
5.6960 8.3
5.7000 5.0
5.7040 6.7
5.7080 5.8
5.7120 2.5
5.7160 5.8
5.7200 4.2
5.7240 4.2
5.7280 3.3
5.7320 9.2
5.7360 5.8
5.7400 9.2
5.7440 3.3
5.7480 5.0
5.7520 5.0
5.7560 4.2
5.7600 5.8
5.7640 4.2
5.7680 1.7
5.7720 4.2
5.7760 6.7
5.7800 5.0
5.7840 4.2
5.7880 3.3
5.7920 4.2
5.7960 5.0
5.8000 5.0
5.8040 5.8
5.8080 5.0
5.8120 3.3
5.8160 8.3
5.8200 4.2
5.8240 10.0
5.8280 2.5
5.8320 3.3
5.8360 5.8
5.8400 6.7
5.8440 5.8
5.8480 5.8
5.8520 11.7
5.8560 4.2
5.8600 12.5
5.8640 10.0
5.8680 6.7
5.8720 9.2
5.8760 3.3
5.8800 4.2
5.8840 3.3
5.8880 4.2
5.8920 4.2
5.8960 4.2
5.9000 5.8
5.9040 5.8
5.9080 3.3
5.9120 6.7
5.9160 6.7
5.9200 6.7
5.9240 3.3
5.9280 5.8
5.9320 4.2
5.9360 8.3
5.9400 3.3
5.9440 8.3
5.9480 3.3
5.9520 4.2
5.9560 4.2
5.9600 2.5
5.9640 1.7
5.9680 6.7
5.9720 5.0
5.9760 5.8
5.9800 5.0
5.9840 6.7
5.9880 4.2
5.9920 4.2
5.9960 4.2
6.0000 10.0
