;Bundle             = 1
;Partition          = 1
;Operator           = 
;Gonio              = ATX-G
;Memo               = 
;IncidentMonochro   = ½Ø¯ÄºØÒ°¼®Ý
;CounterMonochro    = ŽóŒõ½Ø¯Ä
;Attachment         = XY-STAGE
;Filter             = 
;SlitName0          = S1 2*1
;SlitName1          = S2 2*0.05
;SlitName2          = ATT 
;SlitName3          = RS 2*0.1
;SlitName4          = GS nothing
;Counter            = SC-70
;KAlpha1            = 1.5403
;KAlpha2            = 1.5434
;KBata              = 0
;Target             = Cu
;KV                 = 50
;mA                 = 300
;AxisName           = 2Theta/Omega
;MeasurementMethod = Continuation
;Start              = 0.2
;Finish             = 6
;Speed              = 0.2
;FixedTime          = 
;Width              = 0.004
;FullScale         = 1e+06
;Comment            = 0.35
;SampleName         = 
;Xunit              = deg.
;Yunit              = CPS
0.2000 272497.1
0.2040 284881.8
0.2080 298205.6
0.2120 313185.6
0.2160 327007.2
0.2200 342466.7
0.2240 353916.4
0.2280 367203.1
0.2320 377596.1
0.2360 386600.1
0.2400 398753.3
0.2440 388807.4
0.2480 398653.6
0.2520 408422.6
0.2560 420817.8
0.2600 431510.8
0.2640 439586.0
0.2680 444766.6
0.2720 452032.0
0.2760 460034.3
0.2800 468866.5
0.2840 475379.2
0.2880 482569.5
0.2920 489953.4
0.2960 497800.2
0.3000 499647.3
0.3040 511045.5
0.3080 512668.3
0.3120 512988.7
0.3160 516061.1
0.3200 519394.6
0.3240 522119.1
0.3280 524919.8
0.3320 524197.7
0.3360 526745.6
0.3400 526991.9
0.3440 525760.2
0.3480 528731.1
0.3520 529006.0
0.3560 528850.6
0.3600 531502.2
0.3640 529324.2
0.3680 531829.9
0.3720 533725.6
0.3760 534034.3
0.3800 539999.3
0.3840 540336.6
0.3880 549318.9
0.3920 552516.1
0.3960 555638.1
0.4000 561620.0
0.4040 564667.0
0.4080 561937.2
0.4120 568469.9
0.4160 567872.6
0.4200 569750.2
0.4240 564749.5
0.4280 563525.2
0.4320 573275.1
0.4360 566189.4
0.4400 567710.8
0.4440 568437.2
0.4480 567628.4
0.4520 568664.5
0.4560 562126.4
0.4600 565354.2
0.4640 560643.1
0.4680 550477.7
0.4720 554938.2
0.4760 551834.1
0.4800 551380.6
0.4840 544821.4
0.4880 543125.6
0.4920 543482.9
0.4960 540843.0
0.5000 538277.0
0.5040 535002.8
0.5080 523097.1
0.5120 520447.6
0.5160 517523.2
0.5200 513126.2
0.5240 509385.6
0.5280 509693.2
0.5320 508283.9
0.5360 508774.5
0.5400 510771.7
0.5440 508439.3
0.5480 512599.6
0.5520 513110.3
0.5560 510761.1
0.5600 510990.5
0.5640 512209.5
0.5680 513520.5
0.5720 511164.9
0.5760 511246.3
0.5800 507778.6
0.5840 510340.3
0.5880 505746.5
0.5920 511253.8
0.5960 502197.4
0.6000 508351.6
0.6040 501771.3
0.6080 502931.1
0.6120 500542.8
0.6160 498409.2
0.6200 494615.8
0.6240 494883.3
0.6280 496878.3
0.6320 490027.4
0.6360 481824.2
0.6400 484015.8
0.6440 478022.3
0.6480 474670.8
0.6520 473466.6
0.6560 471190.4
0.6600 466231.9
0.6640 460721.5
0.6680 455618.2
0.6720 448304.1
0.6760 451702.1
0.6800 443061.2
0.6840 437464.1
0.6880 431228.5
0.6920 422941.8
0.6960 414665.6
0.7000 404174.6
0.7040 402350.8
0.7080 388977.7
0.7120 381644.6
0.7160 372693.9
0.7200 359544.9
0.7240 351965.5
0.7280 339226.7
0.7320 327185.7
0.7360 329245.5
0.7400 319578.4
0.7440 305566.0
0.7480 295558.9
0.7520 282663.6
0.7560 270371.8
0.7600 257555.7
0.7640 244216.6
0.7680 233842.5
0.7720 221871.8
0.7760 211110.3
0.7800 200174.1
0.7840 189921.3
0.7880 180374.8
0.7920 170426.0
0.7960 162436.1
0.8000 154328.7
0.8040 146291.4
0.8080 139465.4
0.8120 133289.4
0.8160 126079.3
0.8200 120932.9
0.8240 115779.2
0.8280 110155.5
0.8320 104479.6
0.8360 99524.5
0.8400 96139.3
0.8440 91401.0
0.8480 87726.2
0.8520 84207.3
0.8560 80943.4
0.8600 78530.1
0.8640 75236.9
0.8680 71385.5
0.8720 69739.0
0.8760 66490.2
0.8800 64807.9
0.8840 62188.7
0.8880 59721.6
0.8920 57528.3
0.8960 56098.7
0.9000 54472.1
0.9040 52511.3
0.9080 51303.4
0.9120 49675.8
0.9160 48355.5
0.9200 46577.4
0.9240 44806.4
0.9280 43615.0
0.9320 42130.1
0.9360 40927.9
0.9400 39690.3
0.9440 38344.6
0.9480 37420.6
0.9520 36784.7
0.9560 35523.3
0.9600 34684.6
0.9640 34088.9
0.9680 33618.7
0.9720 32388.7
0.9760 31890.5
0.9800 30789.6
0.9840 29514.0
0.9880 28513.7
0.9920 27670.1
0.9960 26610.4
1.0000 25673.8
1.0040 25246.7
1.0080 24080.9
1.0120 24518.4
1.0160 24355.3
1.0200 23601.4
1.0240 23585.6
1.0280 23283.7
1.0320 22703.2
1.0360 22175.4
1.0400 21204.9
1.0440 20864.5
1.0480 19958.3
1.0520 19212.4
1.0560 18265.3
1.0600 17731.8
1.0640 17161.9
1.0680 16712.4
1.0720 16499.4
1.0760 16333.5
1.0800 16205.9
1.0840 15922.0
1.0880 16181.7
1.0920 15981.6
1.0960 15891.8
1.1000 15256.4
1.1040 15207.3
1.1080 13958.8
1.1120 13798.9
1.1160 13061.4
1.1200 12525.7
1.1240 12002.8
1.1280 11418.8
1.1320 10916.8
1.1360 11006.7
1.1400 10712.9
1.1440 10652.7
1.1480 10545.4
1.1520 10968.0
1.1560 10802.4
1.1600 10796.8
1.1640 10696.1
1.1680 10628.0
1.1720 10392.7
1.1760 10020.1
1.1800 9298.7
1.1840 8994.9
1.1880 8647.7
1.1920 8096.5
1.1960 7358.5
1.2000 7136.8
1.2040 6784.4
1.2080 6784.2
1.2120 6714.2
1.2160 6534.2
1.2200 6749.6
1.2240 6820.6
1.2280 6830.9
1.2320 7002.4
1.2360 6915.3
1.2400 6928.9
1.2440 5948.4
1.2480 6507.3
1.2520 6185.6
1.2560 5781.5
1.2600 5346.6
1.2640 5004.6
1.2680 4547.7
1.2720 4315.6
1.2760 4076.1
1.2800 3964.3
1.2840 3821.5
1.2880 3790.5
1.2920 3890.4
1.2960 3995.4
1.3000 4136.5
1.3040 4190.4
1.3080 4366.1
1.3120 4302.2
1.3160 4267.7
1.3200 4164.3
1.3240 3971.9
1.3280 3763.6
1.3320 3363.2
1.3360 3140.0
1.3400 2865.1
1.3440 2509.8
1.3480 2279.5
1.3520 2156.4
1.3560 2058.5
1.3600 1912.9
1.3640 2001.6
1.3680 2079.4
1.3720 2216.7
1.3760 2313.0
1.3800 2349.0
1.3840 2487.1
1.3880 2486.3
1.3920 2518.1
1.3960 2473.7
1.4000 2363.2
1.4040 2166.5
1.4080 2050.1
1.4120 1823.4
1.4160 1595.1
1.4200 1378.6
1.4240 1164.7
1.4280 1094.6
1.4320 953.4
1.4360 923.4
1.4400 915.0
1.4440 977.6
1.4480 1057.8
1.4520 1088.7
1.4560 1180.6
1.4600 1207.3
1.4640 1361.9
1.4680 1265.0
1.4720 1392.8
1.4760 1311.7
1.4800 1234.1
1.4840 1044.4
1.4880 1015.2
1.4920 865.8
1.4960 723.0
1.5000 650.4
1.5040 504.4
1.5080 413.5
1.5120 361.0
1.5160 359.3
1.5200 316.8
1.5240 367.6
1.5280 411.8
1.5320 521.9
1.5360 547.8
1.5400 664.6
1.5440 638.8
1.5480 681.3
1.5520 739.7
1.5560 664.6
1.5600 641.3
1.5640 548.6
1.5680 491.1
1.5720 469.4
1.5760 372.6
1.5800 250.1
1.5840 204.2
1.5880 159.2
1.5920 117.5
1.5960 99.2
1.6000 118.3
1.6040 136.7
1.6080 147.5
1.6120 193.4
1.6160 253.4
1.6200 260.9
1.6240 326.8
1.6280 307.6
1.6320 345.1
1.6360 338.5
1.6400 325.1
1.6440 297.6
1.6480 258.4
1.6520 200.9
1.6560 175.9
1.6600 149.2
1.6640 100.8
1.6680 70.0
1.6720 65.8
1.6760 56.7
1.6800 55.0
1.6840 74.2
1.6880 83.3
1.6920 98.3
1.6960 115.8
1.7000 134.2
1.7040 159.2
1.7080 159.2
1.7120 172.5
1.7160 170.9
1.7200 149.2
1.7240 159.2
1.7280 149.2
1.7320 114.2
1.7360 118.3
1.7400 108.3
1.7440 83.3
1.7480 86.7
1.7520 65.0
1.7560 64.2
1.7600 72.5
1.7640 73.3
1.7680 92.5
1.7720 92.5
1.7760 99.2
1.7800 105.8
1.7840 123.3
1.7880 90.8
1.7920 87.5
1.7960 94.2
1.8000 97.5
1.8040 84.2
1.8080 85.0
1.8120 92.5
1.8160 74.2
1.8200 70.8
1.8240 75.0
1.8280 80.8
1.8320 72.5
1.8360 75.8
1.8400 75.8
1.8440 82.5
1.8480 100.0
1.8520 94.2
1.8560 101.7
1.8600 100.0
1.8640 95.8
1.8680 104.2
1.8720 104.2
1.8760 77.5
1.8800 76.7
1.8840 85.8
1.8880 73.3
1.8920 52.5
1.8960 56.7
1.9000 55.8
1.9040 50.0
1.9080 55.0
1.9120 80.8
1.9160 79.2
1.9200 81.7
1.9240 91.7
1.9280 108.3
1.9320 99.2
1.9360 115.0
1.9400 100.0
1.9440 110.0
1.9480 98.3
1.9520 94.2
1.9560 85.8
1.9600 80.0
1.9640 74.2
1.9680 50.8
1.9720 63.3
1.9760 44.2
1.9800 46.7
1.9840 41.7
1.9880 52.5
1.9920 42.5
1.9960 48.3
2.0000 50.0
2.0040 72.5
2.0080 69.2
2.0120 83.3
2.0160 85.0
2.0200 89.2
2.0240 109.2
2.0280 78.3
2.0320 88.3
2.0360 92.5
2.0400 97.5
2.0440 85.0
2.0480 63.3
2.0520 62.5
2.0560 77.5
2.0600 55.0
2.0640 54.2
2.0680 45.8
2.0720 50.8
2.0760 47.5
2.0800 28.3
2.0840 36.7
2.0880 38.3
2.0920 45.8
2.0960 43.3
2.1000 49.2
2.1040 60.8
2.1080 55.0
2.1120 70.8
2.1160 75.0
2.1200 90.0
2.1240 75.8
2.1280 88.3
2.1320 75.0
2.1360 95.0
2.1400 67.5
2.1440 68.3
2.1480 68.3
2.1520 55.0
2.1560 37.5
2.1600 55.0
2.1640 41.7
2.1680 37.5
2.1720 32.5
2.1760 40.0
2.1800 28.3
2.1840 35.0
2.1880 42.5
2.1920 33.3
2.1960 51.7
2.2000 62.5
2.2040 63.3
2.2080 77.5
2.2120 80.8
2.2160 100.0
2.2200 98.3
2.2240 95.8
2.2280 85.0
2.2320 94.2
2.2360 76.7
2.2400 75.0
2.2440 53.3
2.2480 58.3
2.2520 49.2
2.2560 41.7
2.2600 30.8
2.2640 31.7
2.2680 20.0
2.2720 22.5
2.2760 30.0
2.2800 36.7
2.2840 40.8
2.2880 50.8
2.2920 63.3
2.2960 76.7
2.3000 106.7
2.3040 102.5
2.3080 110.0
2.3120 134.2
2.3160 91.7
2.3200 100.8
2.3240 97.5
2.3280 70.8
2.3320 78.3
2.3360 68.3
2.3400 53.3
2.3440 45.0
2.3480 30.0
2.3520 28.3
2.3560 31.7
2.3600 22.5
2.3640 25.8
2.3680 43.3
2.3720 54.2
2.3760 54.2
2.3800 75.8
2.3840 82.5
2.3880 107.5
2.3920 103.3
2.3960 123.3
2.4000 115.0
2.4040 105.8
2.4080 113.3
2.4120 114.2
2.4160 90.8
2.4200 94.2
2.4240 75.8
2.4280 56.7
2.4320 53.3
2.4360 50.0
2.4400 33.3
2.4440 35.0
2.4480 43.3
2.4520 38.3
2.4560 37.5
2.4600 52.5
2.4640 58.3
2.4680 68.3
2.4720 92.5
2.4760 85.8
2.4800 109.2
2.4840 130.0
2.4880 105.8
2.4920 125.0
2.4960 120.8
2.5000 115.8
2.5040 97.5
2.5080 75.0
2.5120 94.2
2.5160 63.3
2.5200 61.7
2.5240 44.2
2.5280 37.5
2.5320 38.3
2.5360 33.3
2.5400 39.2
2.5440 47.5
2.5480 50.8
2.5520 58.3
2.5560 61.7
2.5600 71.7
2.5640 79.2
2.5680 100.8
2.5720 90.8
2.5760 101.7
2.5800 93.3
2.5840 97.5
2.5880 90.0
2.5920 105.0
2.5960 80.0
2.6000 65.8
2.6040 53.3
2.6080 54.2
2.6120 54.2
2.6160 50.0
2.6200 50.8
2.6240 37.5
2.6280 34.2
2.6320 43.3
2.6360 45.8
2.6400 59.2
2.6440 60.8
2.6480 64.2
2.6520 69.2
2.6560 65.8
2.6600 99.2
2.6640 85.0
2.6680 92.5
2.6720 80.0
2.6760 91.7
2.6800 88.3
2.6840 85.8
2.6880 61.7
2.6920 58.3
2.6960 49.2
2.7000 45.0
2.7040 45.8
2.7080 34.2
2.7120 32.5
2.7160 34.2
2.7200 36.7
2.7240 21.7
2.7280 37.5
2.7320 41.7
2.7360 52.5
2.7400 72.5
2.7440 83.3
2.7480 73.3
2.7520 64.2
2.7560 65.0
2.7600 65.8
2.7640 65.8
2.7680 83.3
2.7720 55.8
2.7760 62.5
2.7800 50.8
2.7840 54.2
2.7880 40.0
2.7920 39.2
2.7960 28.3
2.8000 27.5
2.8040 28.3
2.8080 33.3
2.8120 31.7
2.8160 26.7
2.8200 38.3
2.8240 33.3
2.8280 42.5
2.8320 43.3
2.8360 50.8
2.8400 38.3
2.8440 37.5
2.8480 50.0
2.8520 55.0
2.8560 47.5
2.8600 55.8
2.8640 45.8
2.8680 45.8
2.8720 35.8
2.8760 33.3
2.8800 34.2
2.8840 25.8
2.8880 28.3
2.8920 20.8
2.8960 30.8
2.9000 20.0
2.9040 14.2
2.9080 21.7
2.9120 22.5
2.9160 31.7
2.9200 31.7
2.9240 35.0
2.9280 45.0
2.9320 34.2
2.9360 40.8
2.9400 39.2
2.9440 36.7
2.9480 31.7
2.9520 41.7
2.9560 29.2
2.9600 35.8
2.9640 26.7
2.9680 20.8
2.9720 20.8
2.9760 23.3
2.9800 12.5
2.9840 13.3
2.9880 10.0
2.9920 18.3
2.9960 15.0
3.0000 18.3
3.0040 20.0
3.0080 17.5
3.0120 26.7
3.0160 24.2
3.0200 29.2
3.0240 30.8
3.0280 32.5
3.0320 31.7
3.0360 26.7
3.0400 25.8
3.0440 20.0
3.0480 28.3
3.0520 25.0
3.0560 31.7
3.0600 15.8
3.0640 12.5
3.0680 10.0
3.0720 12.5
3.0760 13.3
3.0800 11.7
3.0840 14.2
3.0880 7.5
3.0920 12.5
3.0960 15.8
3.1000 15.0
3.1040 14.2
3.1080 18.3
3.1120 22.5
3.1160 19.2
3.1200 29.2
3.1240 21.7
3.1280 19.2
3.1320 23.3
3.1360 21.7
3.1400 21.7
3.1440 16.7
3.1480 16.7
3.1520 20.0
3.1560 11.7
3.1600 15.8
3.1640 13.3
3.1680 11.7
3.1720 14.2
3.1760 10.8
3.1800 8.3
3.1840 8.3
3.1880 10.8
3.1920 9.2
3.1960 20.8
3.2000 13.3
3.2040 21.7
3.2080 20.0
3.2120 12.5
3.2160 23.3
3.2200 16.7
3.2240 20.0
3.2280 15.8
3.2320 20.8
3.2360 11.7
3.2400 16.7
3.2440 14.2
3.2480 16.7
3.2520 14.2
3.2560 14.2
3.2600 10.8
3.2640 13.3
3.2680 10.8
3.2720 11.7
3.2760 9.2
3.2800 9.2
3.2840 11.7
3.2880 12.5
3.2920 15.8
3.2960 13.3
3.3000 14.2
3.3040 21.7
3.3080 20.0
3.3120 7.5
3.3160 13.3
3.3200 15.8
3.3240 13.3
3.3280 15.0
3.3320 15.8
3.3360 10.8
3.3400 10.0
3.3440 14.2
3.3480 9.2
3.3520 10.8
3.3560 10.0
3.3600 10.0
3.3640 8.3
3.3680 14.2
3.3720 11.7
3.3760 4.2
3.3800 13.3
3.3840 13.3
3.3880 9.2
3.3920 10.0
3.3960 8.3
3.4000 7.5
3.4040 10.8
3.4080 15.8
3.4120 15.8
3.4160 14.2
3.4200 9.2
3.4240 6.7
3.4280 12.5
3.4320 11.7
3.4360 7.5
3.4400 10.8
3.4440 10.8
3.4480 6.7
3.4520 6.7
3.4560 12.5
3.4600 6.7
3.4640 8.3
3.4680 11.7
3.4720 7.5
3.4760 9.2
3.4800 6.7
3.4840 8.3
3.4880 10.0
3.4920 5.0
3.4960 8.3
3.5000 15.0
3.5040 17.5
3.5080 15.8
3.5120 10.8
3.5160 7.5
3.5200 11.7
3.5240 5.0
3.5280 10.0
3.5320 15.0
3.5360 8.3
3.5400 6.7
3.5440 7.5
3.5480 8.3
3.5520 7.5
3.5560 5.0
3.5600 10.0
3.5640 7.5
3.5680 5.8
3.5720 7.5
3.5760 8.3
3.5800 7.5
3.5840 10.0
3.5880 12.5
3.5920 4.2
3.5960 6.7
3.6000 9.2
3.6040 10.0
3.6080 4.2
3.6120 7.5
3.6160 8.3
3.6200 11.7
3.6240 9.2
3.6280 7.5
3.6320 14.2
3.6360 5.8
3.6400 10.8
3.6440 7.5
3.6480 8.3
3.6520 10.8
3.6560 5.0
3.6600 4.2
3.6640 9.2
3.6680 9.2
3.6720 1.7
3.6760 9.2
3.6800 5.0
3.6840 9.2
3.6880 5.8
3.6920 8.3
3.6960 6.7
3.7000 10.0
3.7040 8.3
3.7080 6.7
3.7120 7.5
3.7160 7.5
3.7200 10.0
3.7240 5.8
3.7280 5.8
3.7320 5.0
3.7360 5.8
3.7400 2.5
3.7440 9.2
3.7480 8.3
3.7520 3.3
3.7560 4.2
3.7600 4.2
3.7640 8.3
3.7680 8.3
3.7720 6.7
3.7760 4.2
3.7800 7.5
3.7840 4.2
3.7880 9.2
3.7920 7.5
3.7960 5.8
3.8000 8.3
3.8040 1.7
3.8080 3.3
3.8120 7.5
3.8160 4.2
3.8200 4.2
3.8240 8.3
3.8280 4.2
3.8320 7.5
3.8360 5.0
3.8400 5.0
3.8440 8.3
3.8480 5.0
3.8520 2.5
3.8560 5.8
3.8600 2.5
3.8640 7.5
3.8680 4.2
3.8720 7.5
3.8760 3.3
3.8800 6.7
3.8840 5.8
3.8880 9.2
3.8920 5.8
3.8960 1.7
3.9000 4.2
3.9040 4.2
3.9080 4.2
3.9120 5.8
3.9160 3.3
3.9200 3.3
3.9240 9.2
3.9280 3.3
3.9320 4.2
3.9360 4.2
3.9400 4.2
3.9440 7.5
3.9480 5.8
3.9520 5.0
3.9560 9.2
3.9600 4.2
3.9640 5.8
3.9680 12.5
3.9720 6.7
3.9760 2.5
3.9800 0.8
3.9840 9.2
3.9880 5.0
3.9920 8.3
3.9960 3.3
4.0000 4.2
4.0040 6.7
4.0080 4.2
4.0120 5.8
4.0160 6.7
4.0200 10.0
4.0240 7.5
4.0280 5.0
4.0320 5.0
4.0360 6.7
4.0400 7.5
4.0440 8.3
4.0480 3.3
4.0520 4.2
4.0560 9.2
4.0600 1.7
4.0640 6.7
4.0680 5.0
4.0720 3.3
4.0760 3.3
4.0800 5.0
4.0840 8.3
4.0880 5.0
4.0920 2.5
4.0960 2.5
4.1000 10.8
4.1040 6.7
4.1080 1.7
4.1120 4.2
4.1160 4.2
4.1200 3.3
4.1240 5.0
4.1280 3.3
4.1320 7.5
4.1360 4.2
4.1400 4.2
4.1440 10.0
4.1480 2.5
4.1520 5.0
4.1560 7.5
4.1600 7.5
4.1640 5.0
4.1680 1.7
4.1720 5.0
4.1760 6.7
4.1800 5.8
4.1840 6.7
4.1880 3.3
4.1920 6.7
4.1960 5.0
4.2000 1.7
4.2040 7.5
4.2080 0.8
4.2120 6.7
4.2160 5.0
4.2200 2.5
4.2240 2.5
4.2280 5.8
4.2320 3.3
4.2360 2.5
4.2400 3.3
4.2440 6.7
4.2480 5.0
4.2520 4.2
4.2560 1.7
4.2600 6.7
4.2640 3.3
4.2680 1.7
4.2720 4.2
4.2760 4.2
4.2800 4.2
4.2840 3.3
4.2880 5.0
4.2920 4.2
4.2960 2.5
4.3000 5.0
4.3040 7.5
4.3080 1.7
4.3120 4.2
4.3160 2.5
4.3200 5.0
4.3240 2.5
4.3280 3.3
4.3320 2.5
4.3360 10.0
4.3400 0.8
4.3440 5.0
4.3480 5.8
4.3520 6.7
4.3560 4.2
4.3600 7.5
4.3640 3.3
4.3680 2.5
4.3720 5.0
4.3760 3.3
4.3800 3.3
4.3840 4.2
4.3880 2.5
4.3920 6.7
4.3960 4.2
4.4000 5.8
4.4040 3.3
4.4080 3.3
4.4120 5.0
4.4160 7.5
4.4200 5.8
4.4240 2.5
4.4280 6.7
4.4320 0.8
4.4360 5.0
4.4400 4.2
4.4440 2.5
4.4480 4.2
4.4520 2.5
4.4560 0.8
4.4600 4.2
4.4640 1.7
4.4680 5.0
4.4720 5.8
4.4760 3.3
4.4800 4.2
4.4840 4.2
4.4880 4.2
4.4920 5.0
4.4960 4.2
4.5000 3.3
4.5040 2.5
4.5080 5.8
4.5120 2.5
4.5160 1.7
4.5200 5.0
4.5240 4.2
4.5280 2.5
4.5320 5.0
4.5360 5.0
4.5400 4.2
4.5440 4.2
4.5480 4.2
4.5520 0.8
4.5560 2.5
4.5600 2.5
4.5640 4.2
4.5680 1.7
4.5720 3.3
4.5760 3.3
4.5800 4.2
4.5840 4.2
4.5880 2.5
4.5920 3.3
4.5960 0.8
4.6000 2.5
4.6040 3.3
4.6080 6.7
4.6120 2.5
4.6160 1.7
4.6200 2.5
4.6240 0.8
4.6280 5.8
4.6320 5.8
4.6360 4.2
4.6400 5.0
4.6440 2.5
4.6480 0.8
4.6520 2.5
4.6560 6.7
4.6600 4.2
4.6640 2.5
4.6680 5.0
4.6720 4.2
4.6760 3.3
4.6800 5.0
4.6840 4.2
4.6880 1.7
4.6920 3.3
4.6960 4.2
4.7000 2.5
4.7040 4.2
4.7080 3.3
4.7120 5.0
4.7160 5.8
4.7200 1.7
4.7240 4.2
4.7280 3.3
4.7320 4.2
4.7360 2.5
4.7400 5.0
4.7440 2.5
4.7480 2.5
4.7520 4.2
4.7560 0.8
4.7600 5.0
4.7640 2.5
4.7680 2.5
4.7720 0.0
4.7760 1.7
4.7800 2.5
4.7840 1.7
4.7880 7.5
4.7920 3.3
4.7960 1.7
4.8000 6.7
4.8040 5.0
4.8080 3.3
4.8120 4.2
4.8160 3.3
4.8200 3.3
4.8240 3.3
4.8280 2.5
4.8320 2.5
4.8360 2.5
4.8400 2.5
4.8440 3.3
4.8480 2.5
4.8520 3.3
4.8560 4.2
4.8600 2.5
4.8640 4.2
4.8680 2.5
4.8720 0.8
4.8760 1.7
4.8800 1.7
4.8840 6.7
4.8880 1.7
4.8920 5.0
4.8960 5.8
4.9000 2.5
4.9040 5.0
4.9080 3.3
4.9120 2.5
4.9160 2.5
4.9200 2.5
4.9240 3.3
4.9280 2.5
4.9320 1.7
4.9360 2.5
4.9400 0.8
4.9440 2.5
4.9480 3.3
4.9520 1.7
4.9560 1.7
4.9600 5.8
4.9640 2.5
4.9680 3.3
4.9720 1.7
4.9760 0.8
4.9800 1.7
4.9840 4.2
4.9880 1.7
4.9920 5.0
4.9960 0.8
5.0000 3.3
5.0040 1.7
5.0080 4.2
5.0120 5.8
5.0160 2.5
5.0200 4.2
5.0240 2.5
5.0280 3.3
5.0320 0.8
5.0360 3.3
5.0400 1.7
5.0440 2.5
5.0480 4.2
5.0520 2.5
5.0560 3.3
5.0600 1.7
5.0640 2.5
5.0680 5.8
5.0720 2.5
5.0760 0.8
5.0800 5.0
5.0840 3.3
5.0880 5.0
5.0920 2.5
5.0960 5.0
5.1000 0.8
5.1040 2.5
5.1080 0.8
5.1120 3.3
5.1160 2.5
5.1200 4.2
5.1240 2.5
5.1280 1.7
5.1320 1.7
5.1360 2.5
5.1400 0.8
5.1440 2.5
5.1480 2.5
5.1520 3.3
5.1560 3.3
5.1600 4.2
5.1640 2.5
5.1680 2.5
5.1720 0.0
5.1760 0.8
5.1800 3.3
5.1840 0.8
5.1880 2.5
5.1920 0.8
5.1960 1.7
5.2000 3.3
5.2040 3.3
5.2080 1.7
5.2120 2.5
5.2160 1.7
5.2200 2.5
5.2240 2.5
5.2280 4.2
5.2320 3.3
5.2360 1.7
5.2400 2.5
5.2440 3.3
5.2480 1.7
5.2520 3.3
5.2560 2.5
5.2600 2.5
5.2640 4.2
5.2680 4.2
5.2720 1.7
5.2760 2.5
5.2800 3.3
5.2840 3.3
5.2880 0.8
5.2920 0.8
5.2960 0.8
5.3000 2.5
5.3040 4.2
5.3080 5.8
5.3120 5.0
5.3160 5.0
5.3200 2.5
5.3240 2.5
5.3280 7.5
5.3320 0.8
5.3360 2.5
5.3400 5.0
5.3440 2.5
5.3480 4.2
5.3520 6.7
5.3560 3.3
5.3600 3.3
5.3640 2.5
5.3680 1.7
5.3720 0.8
5.3760 3.3
5.3800 5.0
5.3840 5.0
5.3880 0.8
5.3920 5.0
5.3960 3.3
5.4000 1.7
5.4040 3.3
5.4080 2.5
5.4120 1.7
5.4160 7.5
5.4200 5.0
5.4240 3.3
5.4280 1.7
5.4320 4.2
5.4360 4.2
5.4400 2.5
5.4440 0.8
5.4480 1.7
5.4520 5.0
5.4560 3.3
5.4600 4.2
5.4640 5.8
5.4680 2.5
5.4720 4.2
5.4760 2.5
5.4800 0.8
5.4840 5.8
5.4880 2.5
5.4920 3.3
5.4960 1.7
5.5000 1.7
5.5040 5.0
5.5080 2.5
5.5120 0.8
5.5160 1.7
5.5200 4.2
5.5240 3.3
5.5280 5.0
5.5320 3.3
5.5360 2.5
5.5400 3.3
5.5440 3.3
5.5480 3.3
5.5520 4.2
5.5560 3.3
5.5600 0.0
5.5640 0.8
5.5680 0.8
5.5720 0.8
5.5760 3.3
5.5800 2.5
5.5840 3.3
5.5880 4.2
5.5920 3.3
5.5960 5.0
5.6000 2.5
5.6040 2.5
5.6080 3.3
5.6120 2.5
5.6160 3.3
5.6200 5.0
5.6240 4.2
5.6280 2.5
5.6320 1.7
5.6360 3.3
5.6400 2.5
5.6440 0.0
5.6480 1.7
5.6520 4.2
5.6560 0.8
5.6600 2.5
5.6640 5.0
5.6680 0.0
5.6720 1.7
5.6760 3.3
5.6800 1.7
5.6840 0.0
5.6880 2.5
5.6920 0.0
5.6960 4.2
5.7000 0.0
5.7040 3.3
5.7080 0.8
5.7120 1.7
5.7160 0.8
5.7200 3.3
5.7240 1.7
5.7280 3.3
5.7320 0.8
5.7360 0.0
5.7400 0.8
5.7440 1.7
5.7480 2.5
5.7520 2.5
5.7560 0.8
5.7600 4.2
5.7640 1.7
5.7680 2.5
5.7720 1.7
5.7760 0.8
5.7800 4.2
5.7840 3.3
5.7880 3.3
5.7920 2.5
5.7960 0.8
5.8000 1.7
5.8040 1.7
5.8080 1.7
5.8120 1.7
5.8160 0.8
5.8200 2.5
5.8240 0.8
5.8280 1.7
5.8320 1.7
5.8360 2.5
5.8400 4.2
5.8440 3.3
5.8480 2.5
5.8520 5.8
5.8560 1.7
5.8600 4.2
5.8640 2.5
5.8680 2.5
5.8720 3.3
5.8760 0.0
5.8800 4.2
5.8840 5.8
5.8880 2.5
5.8920 0.8
5.8960 4.2
5.9000 5.8
5.9040 3.3
5.9080 4.2
5.9120 1.7
5.9160 3.3
5.9200 3.3
5.9240 4.2
5.9280 1.7
5.9320 4.2
5.9360 3.3
5.9400 0.8
5.9440 0.8
5.9480 2.5
5.9520 2.5
5.9560 5.0
5.9600 0.8
5.9640 3.3
5.9680 2.5
5.9720 1.7
5.9760 3.3
5.9800 3.3
5.9840 4.2
5.9880 3.3
5.9920 3.3
5.9960 4.2
6.0000 4.2
