;Bundle             = 1
;Partition          = 1
;Operator           = 
;Gonio              = ATX-G
;Memo               = 
;IncidentMonochro   = ½Ø¯ÄºØÒ°¼®Ý
;CounterMonochro    = ŽóŒõ½Ø¯Ä
;Attachment         = XY-STAGE
;Filter             = 
;SlitName0          = S1 10*1
;SlitName1          = S2 2*0.05
;SlitName2          = ATT 
;SlitName3          = RS 2*0.1
;SlitName4          = GS nothing
;Counter            = SC-70
;KAlpha1            = 1.5403
;KAlpha2            = 1.5434
;KBata              = 0
;Target             = Cu
;KV                 = 50
;mA                 = 300
;AxisName           = 2Theta/Omega
;MeasurementMethod = Continuation
;Start              = 0.2
;Finish             = 6
;Speed              = 0.2
;FixedTime          = 
;Width              = 0.004
;FullScale         = 1e+06
;Comment            = 0.35
;SampleName         = 
;Xunit              = deg.
;Yunit              = CPS
0.2000 320052.2
0.2040 336556.3
0.2080 356315.1
0.2120 376579.3
0.2160 398010.5
0.2200 390114.2
0.2240 406726.8
0.2280 422625.7
0.2320 435855.0
0.2360 448772.5
0.2400 457464.1
0.2440 476210.2
0.2480 487069.2
0.2520 503817.1
0.2560 512436.8
0.2600 520395.8
0.2640 535879.2
0.2680 541259.5
0.2720 559834.3
0.2760 568592.6
0.2800 581142.1
0.2840 590291.6
0.2880 596794.7
0.2920 605864.8
0.2960 611526.4
0.3000 617546.4
0.3040 623217.4
0.3080 632242.1
0.3120 635945.7
0.3160 642179.2
0.3200 641217.1
0.3240 645127.9
0.3280 645445.1
0.3320 648747.9
0.3360 644577.1
0.3400 646028.6
0.3440 650533.6
0.3480 651940.8
0.3520 652271.7
0.3560 656947.9
0.3600 657634.1
0.3640 666565.7
0.3680 668651.6
0.3720 673288.8
0.3760 674118.7
0.3800 677454.3
0.3840 684728.2
0.3880 689680.3
0.3920 694206.4
0.3960 696624.3
0.4000 701772.1
0.4040 706681.9
0.4080 713815.2
0.4120 713081.5
0.4160 720241.2
0.4200 728800.6
0.4240 732261.0
0.4280 733607.9
0.4320 733070.9
0.4360 744752.4
0.4400 737930.0
0.4440 743207.8
0.4480 738218.6
0.4520 741625.1
0.4560 742739.4
0.4600 745710.3
0.4640 740793.0
0.4680 738752.5
0.4720 741267.8
0.4760 734228.6
0.4800 732222.9
0.4840 719708.3
0.4880 710889.8
0.4920 699043.3
0.4960 687187.3
0.5000 677382.4
0.5040 673857.6
0.5080 667779.4
0.5120 658095.0
0.5160 651967.2
0.5200 648599.9
0.5240 643921.6
0.5280 648825.1
0.5320 649105.2
0.5360 649408.7
0.5400 647375.6
0.5440 650422.6
0.5480 645964.1
0.5520 644235.6
0.5560 646668.3
0.5600 649171.9
0.5640 649002.7
0.5680 646882.9
0.5720 650820.1
0.5760 648397.9
0.5800 648837.8
0.5840 650755.6
0.5880 643871.9
0.5920 645460.9
0.5960 647215.9
0.6000 641640.0
0.6040 636105.3
0.6080 642151.7
0.6120 642095.7
0.6160 619313.0
0.6200 623659.4
0.6240 632986.4
0.6280 627529.9
0.6320 622911.9
0.6360 623796.8
0.6400 616945.9
0.6440 614623.1
0.6480 612522.3
0.6520 609157.1
0.6560 600648.4
0.6600 594679.1
0.6640 588556.6
0.6680 586914.7
0.6720 582958.5
0.6760 570616.1
0.6800 562567.3
0.6840 557125.7
0.6880 546658.9
0.6920 541400.1
0.6960 526838.7
0.7000 520392.6
0.7040 511069.8
0.7080 501495.3
0.7120 489984.0
0.7160 474867.5
0.7200 461756.5
0.7240 445613.4
0.7280 438408.2
0.7320 423802.4
0.7360 407865.4
0.7400 400521.8
0.7440 381201.6
0.7480 364570.0
0.7520 343636.5
0.7560 333320.9
0.7600 320245.9
0.7640 315954.3
0.7680 301116.1
0.7720 286082.8
0.7760 269959.1
0.7800 258852.1
0.7840 244564.1
0.7880 233755.9
0.7920 220764.3
0.7960 210185.7
0.8000 198798.4
0.8040 189800.9
0.8080 180100.9
0.8120 171831.9
0.8160 163334.0
0.8200 156277.4
0.8240 148918.3
0.8280 141177.4
0.8320 135665.1
0.8360 129242.2
0.8400 123162.8
0.8440 117469.1
0.8480 114121.7
0.8520 109797.6
0.8560 105904.6
0.8600 101702.8
0.8640 97277.5
0.8680 91738.6
0.8720 89647.5
0.8760 86428.6
0.8800 82907.4
0.8840 79838.3
0.8880 76695.5
0.8920 74686.5
0.8960 72220.8
0.9000 69699.8
0.9040 67257.8
0.9080 65506.9
0.9120 63823.8
0.9160 61532.5
0.9200 59020.6
0.9240 56889.3
0.9280 55132.2
0.9320 53276.1
0.9360 51518.0
0.9400 49992.5
0.9440 48222.4
0.9480 46995.6
0.9520 46629.3
0.9560 45136.1
0.9600 44291.7
0.9640 42960.6
0.9680 41994.6
0.9720 40998.9
0.9760 39732.7
0.9800 38011.0
0.9840 36873.2
0.9880 35409.2
0.9920 34525.6
0.9960 33585.1
1.0000 32280.9
1.0040 31819.1
1.0080 30478.2
1.0120 30357.6
1.0160 30066.8
1.0200 29429.1
1.0240 29171.4
1.0280 28260.1
1.0320 27769.9
1.0360 27393.6
1.0400 26468.2
1.0440 25755.3
1.0480 24666.0
1.0520 23541.5
1.0560 22579.6
1.0600 21642.0
1.0640 21140.5
1.0680 20405.9
1.0720 20318.7
1.0760 19964.8
1.0800 20176.6
1.0840 19986.4
1.0880 19615.2
1.0920 19572.0
1.0960 19440.4
1.1000 18855.1
1.1040 18335.0
1.1080 17715.0
1.1120 16877.4
1.1160 16325.4
1.1200 15596.0
1.1240 14790.8
1.1280 14227.0
1.1320 13387.0
1.1360 13273.3
1.1400 12982.1
1.1440 12603.8
1.1480 12982.6
1.1520 13021.9
1.1560 12896.8
1.1600 12956.6
1.1640 12756.5
1.1680 12645.6
1.1720 12397.8
1.1760 11944.0
1.1800 11419.8
1.1840 11058.3
1.1880 10471.2
1.1920 9852.7
1.1960 9162.0
1.2000 8689.2
1.2040 8324.9
1.2080 8043.3
1.2120 7839.2
1.2160 7946.9
1.2200 7997.4
1.2240 8226.2
1.2280 8293.3
1.2320 8309.3
1.2360 8438.5
1.2400 8399.2
1.2440 7960.3
1.2480 7923.0
1.2520 7525.0
1.2560 7050.6
1.2600 6517.2
1.2640 6104.5
1.2680 5595.2
1.2720 5197.5
1.2760 4838.0
1.2800 4685.7
1.2840 4574.6
1.2880 4518.3
1.2920 4504.8
1.2960 4657.1
1.3000 4872.5
1.3040 5028.2
1.3080 5080.5
1.3120 4957.6
1.3160 5094.7
1.3200 4835.4
1.3240 4660.4
1.3280 4564.6
1.3320 4158.4
1.3360 3882.0
1.3400 3401.8
1.3440 3057.0
1.3480 2756.1
1.3520 2603.6
1.3560 2433.5
1.3600 2414.3
1.3640 2318.0
1.3680 2425.2
1.3720 2575.1
1.3760 2570.1
1.3800 2729.3
1.3840 2901.1
1.3880 3056.2
1.3920 2906.1
1.3960 2916.2
1.4000 2782.9
1.4040 2567.6
1.4080 2420.1
1.4120 2187.4
1.4160 1924.6
1.4200 1578.4
1.4240 1403.7
1.4280 1270.8
1.4320 1116.3
1.4360 1105.4
1.4400 1081.2
1.4440 1158.0
1.4480 1169.7
1.4520 1301.7
1.4560 1465.5
1.4600 1488.9
1.4640 1605.1
1.4680 1577.5
1.4720 1612.7
1.4760 1587.6
1.4800 1526.5
1.4840 1402.0
1.4880 1231.5
1.4920 1097.1
1.4960 900.8
1.5000 777.3
1.5040 596.2
1.5080 530.3
1.5120 482.7
1.5160 435.2
1.5200 406.8
1.5240 426.9
1.5280 504.4
1.5320 574.5
1.5360 655.4
1.5400 722.2
1.5440 745.6
1.5480 839.9
1.5520 849.9
1.5560 783.1
1.5600 785.6
1.5640 713.0
1.5680 657.1
1.5720 563.7
1.5760 443.5
1.5800 330.1
1.5840 250.1
1.5880 189.2
1.5920 163.4
1.5960 137.5
1.6000 128.4
1.6040 142.5
1.6080 198.4
1.6120 228.4
1.6160 299.3
1.6200 334.3
1.6240 386.0
1.6280 376.8
1.6320 402.7
1.6360 396.8
1.6400 396.0
1.6440 339.3
1.6480 305.9
1.6520 291.8
1.6560 252.6
1.6600 195.9
1.6640 145.0
1.6680 115.0
1.6720 80.0
1.6760 70.8
1.6800 65.0
1.6840 85.0
1.6880 98.3
1.6920 97.5
1.6960 132.5
1.7000 130.9
1.7040 175.9
1.7080 169.2
1.7120 187.5
1.7160 203.4
1.7200 189.2
1.7240 188.4
1.7280 184.2
1.7320 151.7
1.7360 131.7
1.7400 137.5
1.7440 89.2
1.7480 105.0
1.7520 81.7
1.7560 81.7
1.7600 80.0
1.7640 89.2
1.7680 110.0
1.7720 117.5
1.7760 118.3
1.7800 135.0
1.7840 140.9
1.7880 131.7
1.7920 120.8
1.7960 121.7
1.8000 113.3
1.8040 124.2
1.8080 115.8
1.8120 102.5
1.8160 104.2
1.8200 90.8
1.8240 101.7
1.8280 101.7
1.8320 110.0
1.8360 92.5
1.8400 111.7
1.8440 141.7
1.8480 123.3
1.8520 137.5
1.8560 134.2
1.8600 131.7
1.8640 150.0
1.8680 136.7
1.8720 123.3
1.8760 103.3
1.8800 100.0
1.8840 95.0
1.8880 85.8
1.8920 81.7
1.8960 60.8
1.9000 75.0
1.9040 68.3
1.9080 83.3
1.9120 87.5
1.9160 87.5
1.9200 110.8
1.9240 95.0
1.9280 125.8
1.9320 138.4
1.9360 143.4
1.9400 130.9
1.9440 133.4
1.9480 139.2
1.9520 130.9
1.9560 105.0
1.9600 90.0
1.9640 86.7
1.9680 95.8
1.9720 85.8
1.9760 71.7
1.9800 71.7
1.9840 60.8
1.9880 66.7
1.9920 65.0
1.9960 67.5
2.0000 64.2
2.0040 78.3
2.0080 92.5
2.0120 114.2
2.0160 121.7
2.0200 135.9
2.0240 118.3
2.0280 135.0
2.0320 101.7
2.0360 119.2
2.0400 134.2
2.0440 111.7
2.0480 110.8
2.0520 90.0
2.0560 95.8
2.0600 69.2
2.0640 79.2
2.0680 67.5
2.0720 78.3
2.0760 53.3
2.0800 61.7
2.0840 71.7
2.0880 55.0
2.0920 79.2
2.0960 65.8
2.1000 91.7
2.1040 90.8
2.1080 90.0
2.1120 101.7
2.1160 123.3
2.1200 112.5
2.1240 122.5
2.1280 127.5
2.1320 120.0
2.1360 105.8
2.1400 106.7
2.1440 109.2
2.1480 99.2
2.1520 81.7
2.1560 84.2
2.1600 70.0
2.1640 53.3
2.1680 52.5
2.1720 56.7
2.1760 52.5
2.1800 44.2
2.1840 41.7
2.1880 59.2
2.1920 70.8
2.1960 70.8
2.2000 87.5
2.2040 101.7
2.2080 115.8
2.2120 131.7
2.2160 112.5
2.2200 149.2
2.2240 135.9
2.2280 130.9
2.2320 116.7
2.2360 141.7
2.2400 105.8
2.2440 103.3
2.2480 88.3
2.2520 80.8
2.2560 57.5
2.2600 35.8
2.2640 37.5
2.2680 31.7
2.2720 34.2
2.2760 53.3
2.2800 50.0
2.2840 55.0
2.2880 91.7
2.2920 105.8
2.2960 125.0
2.3000 147.5
2.3040 155.0
2.3080 161.7
2.3120 175.9
2.3160 179.2
2.3200 150.0
2.3240 171.7
2.3280 136.7
2.3320 135.0
2.3360 109.2
2.3400 100.0
2.3440 56.7
2.3480 67.5
2.3520 44.2
2.3560 40.8
2.3600 40.8
2.3640 45.8
2.3680 55.0
2.3720 70.8
2.3760 98.3
2.3800 140.9
2.3840 128.4
2.3880 156.7
2.3920 173.4
2.3960 205.0
2.4000 197.5
2.4040 200.9
2.4080 209.2
2.4120 194.2
2.4160 169.2
2.4200 164.2
2.4240 135.9
2.4280 106.7
2.4320 79.2
2.4360 82.5
2.4400 65.0
2.4440 64.2
2.4480 41.7
2.4520 58.3
2.4560 59.2
2.4600 88.3
2.4640 99.2
2.4680 125.8
2.4720 150.0
2.4760 174.2
2.4800 182.5
2.4840 204.2
2.4880 213.4
2.4920 208.4
2.4960 197.5
2.5000 170.9
2.5040 200.9
2.5080 171.7
2.5120 129.2
2.5160 125.8
2.5200 114.2
2.5240 84.2
2.5280 80.8
2.5320 50.0
2.5360 56.7
2.5400 59.2
2.5440 66.7
2.5480 87.5
2.5520 94.2
2.5560 114.2
2.5600 142.5
2.5640 170.9
2.5680 190.0
2.5720 170.9
2.5760 209.2
2.5800 208.4
2.5840 200.9
2.5880 200.9
2.5920 202.5
2.5960 155.0
2.6000 162.5
2.6040 128.4
2.6080 117.5
2.6120 105.0
2.6160 95.8
2.6200 71.7
2.6240 65.8
2.6280 75.8
2.6320 73.3
2.6360 72.5
2.6400 90.8
2.6440 116.7
2.6480 125.8
2.6520 138.4
2.6560 181.7
2.6600 167.5
2.6640 186.7
2.6680 175.0
2.6720 214.2
2.6760 189.2
2.6800 180.0
2.6840 185.0
2.6880 158.4
2.6920 167.5
2.6960 130.9
2.7000 105.0
2.7040 77.5
2.7080 70.0
2.7120 46.7
2.7160 64.2
2.7200 76.7
2.7240 65.0
2.7280 91.7
2.7320 90.8
2.7360 93.3
2.7400 109.2
2.7440 136.7
2.7480 153.4
2.7520 172.5
2.7560 165.9
2.7600 140.9
2.7640 186.7
2.7680 150.9
2.7720 150.9
2.7760 133.4
2.7800 125.0
2.7840 100.8
2.7880 85.0
2.7920 91.7
2.7960 58.3
2.8000 69.2
2.8040 50.8
2.8080 53.3
2.8120 68.3
2.8160 53.3
2.8200 65.8
2.8240 90.0
2.8280 110.8
2.8320 111.7
2.8360 119.2
2.8400 122.5
2.8440 128.4
2.8480 125.0
2.8520 140.0
2.8560 140.9
2.8600 112.5
2.8640 97.5
2.8680 120.8
2.8720 96.7
2.8760 75.0
2.8800 80.8
2.8840 65.8
2.8880 43.3
2.8920 45.8
2.8960 50.8
2.9000 40.8
2.9040 46.7
2.9080 60.0
2.9120 69.2
2.9160 65.0
2.9200 71.7
2.9240 85.8
2.9280 93.3
2.9320 109.2
2.9360 107.5
2.9400 110.0
2.9440 110.8
2.9480 90.8
2.9520 90.8
2.9560 94.2
2.9600 98.3
2.9640 80.0
2.9680 62.5
2.9720 60.8
2.9760 64.2
2.9800 54.2
2.9840 48.3
2.9880 32.5
2.9920 32.5
2.9960 37.5
3.0000 42.5
3.0040 53.3
3.0080 65.0
3.0120 63.3
3.0160 68.3
3.0200 77.5
3.0240 82.5
3.0280 76.7
3.0320 96.7
3.0360 97.5
3.0400 89.2
3.0440 81.7
3.0480 66.7
3.0520 62.5
3.0560 58.3
3.0600 54.2
3.0640 45.0
3.0680 47.5
3.0720 41.7
3.0760 37.5
3.0800 30.0
3.0840 40.8
3.0880 35.0
3.0920 42.5
3.0960 38.3
3.1000 36.7
3.1040 47.5
3.1080 44.2
3.1120 55.0
3.1160 61.7
3.1200 59.2
3.1240 68.3
3.1280 67.5
3.1320 60.8
3.1360 61.7
3.1400 56.7
3.1440 62.5
3.1480 43.3
3.1520 47.5
3.1560 46.7
3.1600 35.0
3.1640 31.7
3.1680 29.2
3.1720 23.3
3.1760 24.2
3.1800 20.8
3.1840 23.3
3.1880 35.0
3.1920 23.3
3.1960 32.5
3.2000 44.2
3.2040 41.7
3.2080 44.2
3.2120 44.2
3.2160 54.2
3.2200 45.8
3.2240 49.2
3.2280 50.0
3.2320 42.5
3.2360 43.3
3.2400 54.2
3.2440 35.0
3.2480 35.8
3.2520 31.7
3.2560 36.7
3.2600 28.3
3.2640 17.5
3.2680 25.0
3.2720 21.7
3.2760 18.3
3.2800 23.3
3.2840 25.0
3.2880 24.2
3.2920 31.7
3.2960 29.2
3.3000 30.8
3.3040 37.5
3.3080 39.2
3.3120 43.3
3.3160 32.5
3.3200 35.0
3.3240 40.0
3.3280 42.5
3.3320 30.0
3.3360 30.0
3.3400 21.7
3.3440 25.8
3.3480 23.3
3.3520 24.2
3.3560 27.5
3.3600 19.2
3.3640 13.3
3.3680 23.3
3.3720 22.5
3.3760 25.0
3.3800 26.7
3.3840 18.3
3.3880 29.2
3.3920 30.8
3.3960 27.5
3.4000 32.5
3.4040 30.8
3.4080 33.3
3.4120 36.7
3.4160 31.7
3.4200 30.8
3.4240 35.8
3.4280 31.7
3.4320 21.7
3.4360 24.2
3.4400 25.0
3.4440 19.2
3.4480 12.5
3.4520 13.3
3.4560 21.7
3.4600 23.3
3.4640 12.5
3.4680 25.0
3.4720 25.8
3.4760 25.8
3.4800 25.8
3.4840 26.7
3.4880 33.3
3.4920 25.0
3.4960 27.5
3.5000 36.7
3.5040 28.3
3.5080 28.3
3.5120 30.0
3.5160 26.7
3.5200 27.5
3.5240 30.8
3.5280 28.3
3.5320 20.8
3.5360 16.7
3.5400 21.7
3.5440 8.3
3.5480 15.8
3.5520 12.5
3.5560 16.7
3.5600 19.2
3.5640 22.5
3.5680 26.7
3.5720 23.3
3.5760 18.3
3.5800 25.8
3.5840 24.2
3.5880 20.8
3.5920 24.2
3.5960 19.2
3.6000 28.3
3.6040 35.0
3.6080 25.0
3.6120 16.7
3.6160 25.0
3.6200 24.2
3.6240 18.3
3.6280 18.3
3.6320 15.8
3.6360 10.0
3.6400 21.7
3.6440 12.5
3.6480 13.3
3.6520 17.5
3.6560 15.8
3.6600 15.0
3.6640 15.0
3.6680 16.7
3.6720 13.3
3.6760 21.7
3.6800 27.5
3.6840 25.0
3.6880 20.0
3.6920 17.5
3.6960 16.7
3.7000 30.8
3.7040 18.3
3.7080 20.0
3.7120 16.7
3.7160 21.7
3.7200 10.0
3.7240 11.7
3.7280 15.8
3.7320 10.0
3.7360 10.8
3.7400 13.3
3.7440 10.8
3.7480 15.0
3.7520 11.7
3.7560 16.7
3.7600 18.3
3.7640 15.8
3.7680 18.3
3.7720 17.5
3.7760 17.5
3.7800 17.5
3.7840 19.2
3.7880 20.8
3.7920 20.0
3.7960 14.2
3.8000 12.5
3.8040 11.7
3.8080 15.8
3.8120 9.2
3.8160 11.7
3.8200 14.2
3.8240 16.7
3.8280 15.8
3.8320 10.8
3.8360 10.0
3.8400 10.0
3.8440 13.3
3.8480 14.2
3.8520 11.7
3.8560 9.2
3.8600 19.2
3.8640 11.7
3.8680 15.0
3.8720 16.7
3.8760 12.5
3.8800 14.2
3.8840 19.2
3.8880 15.0
3.8920 15.0
3.8960 14.2
3.9000 9.2
3.9040 10.0
3.9080 6.7
3.9120 9.2
3.9160 11.7
3.9200 10.0
3.9240 10.0
3.9280 11.7
3.9320 12.5
3.9360 9.2
3.9400 10.8
3.9440 7.5
3.9480 11.7
3.9520 16.7
3.9560 11.7
3.9600 21.7
3.9640 8.3
3.9680 11.7
3.9720 9.2
3.9760 18.3
3.9800 9.2
3.9840 15.8
3.9880 13.3
3.9920 9.2
3.9960 9.2
4.0000 10.0
4.0040 11.7
4.0080 10.0
4.0120 9.2
4.0160 14.2
4.0200 8.3
4.0240 6.7
4.0280 7.5
4.0320 6.7
4.0360 10.8
4.0400 7.5
4.0440 7.5
4.0480 8.3
4.0520 7.5
4.0560 8.3
4.0600 11.7
4.0640 6.7
4.0680 13.3
4.0720 9.2
4.0760 6.7
4.0800 8.3
4.0840 15.0
4.0880 6.7
4.0920 9.2
4.0960 3.3
4.1000 8.3
4.1040 6.7
4.1080 10.0
4.1120 6.7
4.1160 7.5
4.1200 5.8
4.1240 11.7
4.1280 6.7
4.1320 5.8
4.1360 4.2
4.1400 4.2
4.1440 10.0
4.1480 5.8
4.1520 7.5
4.1560 10.8
4.1600 12.5
4.1640 10.8
4.1680 8.3
4.1720 10.0
4.1760 9.2
4.1800 10.8
4.1840 5.8
4.1880 8.3
4.1920 3.3
4.1960 3.3
4.2000 5.8
4.2040 7.5
4.2080 9.2
4.2120 10.8
4.2160 6.7
4.2200 5.8
4.2240 6.7
4.2280 7.5
4.2320 7.5
4.2360 7.5
4.2400 10.8
4.2440 7.5
4.2480 15.8
4.2520 6.7
4.2560 10.0
4.2600 6.7
4.2640 2.5
4.2680 9.2
4.2720 15.8
4.2760 13.3
4.2800 5.8
4.2840 4.2
4.2880 5.0
4.2920 10.8
4.2960 9.2
4.3000 1.7
4.3040 9.2
4.3080 5.8
4.3120 7.5
4.3160 5.0
4.3200 10.8
4.3240 7.5
4.3280 5.0
4.3320 11.7
4.3360 5.8
4.3400 5.0
4.3440 4.2
4.3480 5.8
4.3520 10.0
4.3560 7.5
4.3600 8.3
4.3640 3.3
4.3680 12.5
4.3720 4.2
4.3760 9.2
4.3800 6.7
4.3840 8.3
4.3880 7.5
4.3920 1.7
4.3960 7.5
4.4000 4.2
4.4040 5.0
4.4080 4.2
4.4120 5.8
4.4160 7.5
4.4200 10.0
4.4240 3.3
4.4280 10.0
4.4320 4.2
4.4360 4.2
4.4400 2.5
4.4440 4.2
4.4480 10.8
4.4520 5.0
4.4560 5.0
4.4600 3.3
4.4640 9.2
4.4680 9.2
4.4720 6.7
4.4760 5.8
4.4800 6.7
4.4840 5.0
4.4880 5.8
4.4920 6.7
4.4960 7.5
4.5000 4.2
4.5040 5.8
4.5080 4.2
4.5120 6.7
4.5160 8.3
4.5200 6.7
4.5240 8.3
4.5280 5.8
4.5320 2.5
4.5360 10.0
4.5400 7.5
4.5440 5.8
4.5480 9.2
4.5520 4.2
4.5560 6.7
4.5600 7.5
4.5640 8.3
4.5680 6.7
4.5720 4.2
4.5760 7.5
4.5800 10.8
4.5840 7.5
4.5880 5.0
4.5920 5.8
4.5960 10.0
4.6000 5.8
4.6040 8.3
4.6080 5.0
4.6120 5.0
4.6160 5.8
4.6200 4.2
4.6240 3.3
4.6280 5.0
4.6320 2.5
4.6360 5.0
4.6400 4.2
4.6440 8.3
4.6480 3.3
4.6520 4.2
4.6560 6.7
4.6600 5.0
4.6640 4.2
4.6680 6.7
4.6720 5.8
4.6760 5.8
4.6800 3.3
4.6840 7.5
4.6880 7.5
4.6920 9.2
4.6960 9.2
4.7000 4.2
4.7040 5.0
4.7080 8.3
4.7120 5.0
4.7160 3.3
4.7200 5.0
4.7240 7.5
4.7280 8.3
4.7320 7.5
4.7360 5.8
4.7400 7.5
4.7440 3.3
4.7480 9.2
4.7520 0.0
4.7560 6.7
4.7600 4.2
4.7640 8.3
4.7680 2.5
4.7720 2.5
4.7760 8.3
4.7800 10.0
4.7840 4.2
4.7880 5.8
4.7920 6.7
4.7960 5.8
4.8000 6.7
4.8040 5.0
4.8080 5.8
4.8120 4.2
4.8160 3.3
4.8200 3.3
4.8240 6.7
4.8280 5.0
4.8320 8.3
4.8360 5.8
4.8400 5.0
4.8440 9.2
4.8480 5.8
4.8520 1.7
4.8560 6.7
4.8600 8.3
4.8640 6.7
4.8680 5.0
4.8720 5.0
4.8760 5.0
4.8800 9.2
4.8840 7.5
4.8880 4.2
4.8920 9.2
4.8960 7.5
4.9000 3.3
4.9040 4.2
4.9080 6.7
4.9120 5.8
4.9160 5.0
4.9200 7.5
4.9240 6.7
4.9280 5.8
4.9320 4.2
4.9360 1.7
4.9400 3.3
4.9440 4.2
4.9480 2.5
4.9520 10.8
4.9560 4.2
4.9600 4.2
4.9640 5.8
4.9680 5.8
4.9720 4.2
4.9760 1.7
4.9800 6.7
4.9840 4.2
4.9880 2.5
4.9920 6.7
4.9960 4.2
5.0000 5.8
5.0040 3.3
5.0080 5.0
5.0120 7.5
5.0160 6.7
5.0200 5.0
5.0240 7.5
5.0280 5.0
5.0320 9.2
5.0360 4.2
5.0400 9.2
5.0440 2.5
5.0480 7.5
5.0520 4.2
5.0560 4.2
5.0600 5.8
5.0640 4.2
5.0680 3.3
5.0720 6.7
5.0760 3.3
5.0800 2.5
5.0840 0.8
5.0880 5.8
5.0920 2.5
5.0960 5.8
5.1000 6.7
5.1040 1.7
5.1080 3.3
5.1120 6.7
5.1160 5.0
5.1200 4.2
5.1240 2.5
5.1280 10.0
5.1320 6.7
5.1360 5.8
5.1400 7.5
5.1440 7.5
5.1480 5.8
5.1520 2.5
5.1560 2.5
5.1600 9.2
5.1640 5.0
5.1680 4.2
5.1720 4.2
5.1760 5.8
5.1800 8.3
5.1840 7.5
5.1880 8.3
5.1920 1.7
5.1960 5.0
5.2000 1.7
5.2040 7.5
5.2080 4.2
5.2120 6.7
5.2160 4.2
5.2200 5.8
5.2240 8.3
5.2280 3.3
5.2320 1.7
5.2360 3.3
5.2400 4.2
5.2440 5.0
5.2480 9.2
5.2520 5.0
5.2560 5.8
5.2600 6.7
5.2640 4.2
5.2680 5.0
5.2720 5.8
5.2760 3.3
5.2800 5.8
5.2840 3.3
5.2880 5.8
5.2920 6.7
5.2960 2.5
5.3000 5.0
5.3040 9.2
5.3080 5.0
5.3120 5.0
5.3160 5.8
5.3200 4.2
5.3240 5.8
5.3280 5.8
5.3320 6.7
5.3360 6.7
5.3400 6.7
5.3440 5.8
5.3480 7.5
5.3520 5.0
5.3560 5.0
5.3600 5.0
5.3640 3.3
5.3680 2.5
5.3720 5.0
5.3760 6.7
5.3800 4.2
5.3840 6.7
5.3880 3.3
5.3920 4.2
5.3960 4.2
5.4000 7.5
5.4040 1.7
5.4080 9.2
5.4120 5.8
5.4160 5.0
5.4200 4.2
5.4240 4.2
5.4280 1.7
5.4320 14.2
5.4360 5.8
5.4400 8.3
5.4440 5.0
5.4480 2.5
5.4520 3.3
5.4560 8.3
5.4600 7.5
5.4640 2.5
5.4680 3.3
5.4720 6.7
5.4760 5.8
5.4800 4.2
5.4840 4.2
5.4880 3.3
5.4920 2.5
5.4960 5.0
5.5000 4.2
5.5040 1.7
5.5080 5.8
5.5120 2.5
5.5160 4.2
5.5200 4.2
5.5240 1.7
5.5280 4.2
5.5320 9.2
5.5360 1.7
5.5400 5.0
5.5440 3.3
5.5480 5.8
5.5520 8.3
5.5560 5.8
5.5600 4.2
5.5640 5.0
5.5680 7.5
5.5720 3.3
5.5760 4.2
5.5800 9.2
5.5840 10.8
5.5880 11.7
5.5920 5.8
5.5960 6.7
5.6000 6.7
5.6040 2.5
5.6080 6.7
5.6120 4.2
5.6160 2.5
5.6200 4.2
5.6240 4.2
5.6280 5.8
5.6320 9.2
5.6360 4.2
5.6400 5.0
5.6440 3.3
5.6480 2.5
5.6520 5.0
5.6560 0.8
5.6600 5.8
5.6640 2.5
5.6680 6.7
5.6720 4.2
5.6760 7.5
5.6800 4.2
5.6840 5.0
5.6880 5.0
5.6920 9.2
5.6960 6.7
5.7000 5.8
5.7040 5.0
5.7080 5.0
5.7120 0.8
5.7160 5.0
5.7200 2.5
5.7240 4.2
5.7280 5.0
5.7320 5.0
5.7360 8.3
5.7400 4.2
5.7440 3.3
5.7480 10.0
5.7520 3.3
5.7560 9.2
5.7600 5.8
5.7640 5.0
5.7680 4.2
5.7720 4.2
5.7760 5.0
5.7800 5.8
5.7840 2.5
5.7880 4.2
5.7920 2.5
5.7960 10.8
5.8000 5.0
5.8040 6.7
5.8080 6.7
5.8120 3.3
5.8160 4.2
5.8200 5.8
5.8240 5.8
5.8280 5.8
5.8320 3.3
5.8360 1.7
5.8400 3.3
5.8440 5.0
5.8480 4.2
5.8520 5.8
5.8560 6.7
5.8600 2.5
5.8640 1.7
5.8680 4.2
5.8720 6.7
5.8760 5.0
5.8800 7.5
5.8840 4.2
5.8880 3.3
5.8920 8.3
5.8960 3.3
5.9000 4.2
5.9040 9.2
5.9080 4.2
5.9120 4.2
5.9160 5.0
5.9200 6.7
5.9240 6.7
5.9280 6.7
5.9320 5.0
5.9360 9.2
5.9400 4.2
5.9440 5.0
5.9480 5.8
5.9520 3.3
5.9560 5.8
5.9600 7.5
5.9640 4.2
5.9680 5.0
5.9720 1.7
5.9760 3.3
5.9800 4.2
5.9840 5.8
5.9880 8.3
5.9920 6.7
5.9960 4.2
6.0000 6.7
