;Bundle             = 1
;Partition          = 1
;Operator           = 
;Gonio              = ATX-G
;Memo               = 
;IncidentMonochro   = ½Ø¯ÄºØÒ°¼®Ý
;CounterMonochro    = ŽóŒõ½Ø¯Ä
;Attachment         = XY-STAGE
;Filter             = 
;SlitName0          = S1 10*1
;SlitName1          = S2 2*0.05
;SlitName2          = ATT 
;SlitName3          = RS 2*0.1
;SlitName4          = GS nothing
;Counter            = SC-70
;KAlpha1            = 1.5403
;KAlpha2            = 1.5434
;KBata              = 0
;Target             = Cu
;KV                 = 50
;mA                 = 300
;AxisName           = 2Theta/Omega
;MeasurementMethod = Continuation
;Start              = 0.2
;Finish             = 6
;Speed              = 2
;FixedTime          = 
;Width              = 0.004
;FullScale         = 1e+07
;Comment            = 0.35
;SampleName         = 
;Xunit              = deg.
;Yunit              = CPS
0.2000 897611.6
0.2040 946709.1
0.2080 939921.6
0.2120 943368.2
0.2160 971155.9
0.2200 1006182.5
0.2240 1000164.7
0.2280 1030054.1
0.2320 1018683.4
0.2360 1062639.6
0.2400 1055463.0
0.2440 1085441.2
0.2480 1094320.1
0.2520 1142707.1
0.2560 1162562.2
0.2600 1175629.9
0.2640 1164475.9
0.2680 1194285.0
0.2720 1250104.6
0.2760 1238902.0
0.2800 1249323.2
0.2840 1272121.8
0.2880 1296992.5
0.2920 1298457.9
0.2960 1311554.0
0.3000 1326851.4
0.3040 1334095.6
0.3080 1378273.8
0.3120 1398760.1
0.3160 1416903.6
0.3200 1430869.9
0.3240 1469637.0
0.3280 1484425.8
0.3320 1482962.6
0.3360 1547896.6
0.3400 1538087.5
0.3440 1564033.5
0.3480 1585700.8
0.3520 1626544.4
0.3560 1624852.8
0.3600 1647667.1
0.3640 1709977.1
0.3680 1680429.1
0.3720 1691592.6
0.3760 1729830.1
0.3800 1741604.8
0.3840 1763174.8
0.3880 1784439.1
0.3920 1794676.5
0.3960 1843542.5
0.4000 1864452.8
0.4040 1839972.2
0.4080 1904100.6
0.4120 1911918.0
0.4160 1940022.9
0.4200 1956104.6
0.4240 1954917.4
0.4280 2004263.4
0.4320 2049122.4
0.4360 2011041.4
0.4400 2074251.1
0.4440 2082939.6
0.4480 2066697.1
0.4520 2079282.5
0.4560 2119575.2
0.4600 2139649.2
0.4640 2165304.5
0.4680 2136032.5
0.4720 2211283.2
0.4760 2211449.2
0.4800 2200024.5
0.4840 2254370.2
0.4880 2249500.8
0.4920 2279959.0
0.4960 2340173.5
0.5000 2340788.8
0.5040 2337850.8
0.5080 2313681.0
0.5120 2411728.0
0.5160 2381024.5
0.5200 2377946.8
0.5240 2360263.2
0.5280 2436200.2
0.5320 2394751.8
0.5360 2475723.2
0.5400 2469623.0
0.5440 2446420.8
0.5480 2470937.2
0.5520 2488969.5
0.5560 2471389.8
0.5600 2519155.0
0.5640 2493691.2
0.5680 2566905.8
0.5720 2540502.0
0.5760 2508676.8
0.5800 2560456.5
0.5840 2575362.8
0.5880 2534713.5
0.5920 2566143.5
0.5960 2575115.2
0.6000 2569066.8
0.6040 2591621.0
0.6080 2601378.5
0.6120 2570429.5
0.6160 2570371.5
0.6200 2599713.2
0.6240 2571601.0
0.6280 2568778.2
0.6320 2564051.2
0.6360 2586052.5
0.6400 2582670.5
0.6440 2533962.0
0.6480 2564057.5
0.6520 2495693.8
0.6560 2545722.8
0.6600 2505014.5
0.6640 2481769.8
0.6680 2515412.5
0.6720 2482419.0
0.6760 2405294.8
0.6800 2440959.0
0.6840 2403117.8
0.6880 2389967.8
0.6920 2343149.8
0.6960 2319111.0
0.7000 2288912.8
0.7040 2252464.2
0.7080 2241334.5
0.7120 2150532.8
0.7160 2146807.0
0.7200 2065666.2
0.7240 2034126.4
0.7280 1997088.9
0.7320 1891449.6
0.7360 1873146.5
0.7400 1791391.6
0.7440 1736670.5
0.7480 1676474.0
0.7520 1609894.8
0.7560 1523847.5
0.7600 1452916.6
0.7640 1385494.9
0.7680 1329610.8
0.7720 1276155.2
0.7760 1191432.6
0.7800 1130793.0
0.7840 1067740.9
0.7880 1031771.1
0.7920 971451.9
0.7960 894477.9
0.8000 872645.7
0.8040 809878.9
0.8080 763445.6
0.8120 730301.9
0.8160 696459.4
0.8200 667628.2
0.8240 628009.9
0.8280 597931.2
0.8320 560666.4
0.8360 546489.8
0.8400 521153.8
0.8440 488881.3
0.8480 455414.1
0.8520 447397.0
0.8560 420290.2
0.8600 407361.1
0.8640 384439.9
0.8680 366917.1
0.8720 350679.9
0.8760 339946.7
0.8800 329262.3
0.8840 312291.2
0.8880 302569.8
0.8920 297763.8
0.8960 281243.1
0.9000 272552.1
0.9040 261037.5
0.9080 251470.9
0.9120 243923.1
0.9160 233077.0
0.9200 220975.0
0.9240 214149.9
0.9280 205863.1
0.9320 192153.2
0.9360 187726.9
0.9400 180851.9
0.9440 176900.4
0.9480 166034.7
0.9520 161867.1
0.9560 157525.7
0.9600 151775.6
0.9640 150689.8
0.9680 143251.8
0.9720 137219.1
0.9760 135830.6
0.9800 128592.9
0.9840 123261.3
0.9880 113562.6
0.9920 108636.9
0.9960 106119.1
1.0000 103255.1
1.0040 103209.7
1.0080 101000.5
1.0120 95625.9
1.0160 93184.9
1.0200 90628.2
1.0240 86037.0
1.0280 83703.3
1.0320 78767.7
1.0360 75643.0
1.0400 72927.6
1.0440 67794.9
1.0480 65410.7
1.0520 62615.7
1.0560 58384.1
1.0600 57900.9
1.0640 57048.9
1.0680 54823.1
1.0720 54216.4
1.0760 54305.0
1.0800 53667.0
1.0840 53329.3
1.0880 50729.5
1.0920 48859.1
1.0960 44972.7
1.1000 44226.4
1.1040 41532.9
1.1080 37854.8
1.1120 35387.7
1.1160 33384.2
1.1200 31530.9
1.1240 30700.2
1.1280 29283.6
1.1320 28957.6
1.1360 28742.1
1.1400 28763.8
1.1440 28705.4
1.1480 29012.4
1.1520 28836.9
1.1560 27511.4
1.1600 26005.5
1.1640 24960.5
1.1680 23225.8
1.1720 21953.7
1.1760 18841.5
1.1800 18259.5
1.1840 16354.1
1.1880 15493.6
1.1920 14016.3
1.1960 14263.8
1.2000 14144.1
1.2040 14135.6
1.2080 14144.1
1.2120 14907.5
1.2160 14384.6
1.2200 15715.6
1.2240 15337.6
1.2280 14025.5
1.2320 14075.7
1.2360 12910.5
1.2400 12218.2
1.2440 11039.5
1.2480 9686.8
1.2520 8396.9
1.2560 8124.8
1.2600 7067.5
1.2640 7024.9
1.2680 6332.9
1.2720 6628.3
1.2760 6864.2
1.2800 6872.7
1.2840 7676.7
1.2880 7905.7
1.2920 7371.6
1.2960 7600.1
1.3000 7481.2
1.3040 7464.9
1.3080 7194.1
1.3120 6813.7
1.3160 6400.2
1.3200 5177.3
1.3240 4461.7
1.3280 4167.7
1.3320 3579.6
1.3360 3101.4
1.3400 2866.8
1.3440 2707.3
1.3480 3017.6
1.3520 3084.6
1.3560 3118.3
1.3600 3537.7
1.3640 3596.6
1.3680 3688.8
1.3720 4125.7
1.3760 4100.4
1.3800 3705.5
1.3840 3319.5
1.3880 3436.9
1.3920 2808.0
1.3960 2548.3
1.4000 2590.2
1.4040 1836.7
1.4080 1293.4
1.4120 1360.2
1.4160 1051.1
1.4200 1176.4
1.4240 1126.3
1.4280 1184.8
1.4320 1201.5
1.4360 1377.0
1.4400 1602.6
1.4440 1719.7
1.4480 1669.5
1.4520 1811.7
1.4560 1736.5
1.4600 1769.9
1.4640 1828.4
1.4680 1711.3
1.4720 1385.3
1.4760 1109.6
1.4800 942.6
1.4840 708.8
1.4880 675.5
1.4920 475.2
1.4960 475.2
1.5000 266.7
1.5040 450.2
1.5080 408.5
1.5120 450.2
1.5160 625.4
1.5200 617.1
1.5240 884.1
1.5280 708.8
1.5320 1009.4
1.5360 892.5
1.5400 934.2
1.5440 984.3
1.5480 792.3
1.5520 784.0
1.5560 525.3
1.5600 425.2
1.5640 408.5
1.5680 200.0
1.5720 150.0
1.5760 125.0
1.5800 41.7
1.5840 75.0
1.5880 91.7
1.5920 208.4
1.5960 258.4
1.6000 350.1
1.6040 350.1
1.6080 333.5
1.6120 291.8
1.6160 466.9
1.6200 500.3
1.6240 408.5
1.6280 408.5
1.6320 358.5
1.6360 291.8
1.6400 216.7
1.6440 225.1
1.6480 158.4
1.6520 100.0
1.6560 58.3
1.6600 41.7
1.6640 41.7
1.6680 66.7
1.6720 133.4
1.6760 83.3
1.6800 141.7
1.6840 200.0
1.6880 108.3
1.6920 225.1
1.6960 158.4
1.7000 175.0
1.7040 191.7
1.7080 225.1
1.7120 150.0
1.7160 183.4
1.7200 166.7
1.7240 75.0
1.7280 108.3
1.7320 66.7
1.7360 50.0
1.7400 58.3
1.7440 41.7
1.7480 41.7
1.7520 91.7
1.7560 33.3
1.7600 50.0
1.7640 58.3
1.7680 83.3
1.7720 141.7
1.7760 91.7
1.7800 50.0
1.7840 133.4
1.7880 100.0
1.7920 125.0
1.7960 83.3
1.8000 75.0
1.8040 83.3
1.8080 33.3
1.8120 58.3
1.8160 16.7
1.8200 41.7
1.8240 58.3
1.8280 100.0
1.8320 125.0
1.8360 58.3
1.8400 133.4
1.8440 50.0
1.8480 50.0
1.8520 108.3
1.8560 141.7
1.8600 41.7
1.8640 108.3
1.8680 83.3
1.8720 58.3
1.8760 41.7
1.8800 50.0
1.8840 41.7
1.8880 33.3
1.8920 75.0
1.8960 66.7
1.9000 50.0
1.9040 83.3
1.9080 58.3
1.9120 83.3
1.9160 83.3
1.9200 91.7
1.9240 83.3
1.9280 125.0
1.9320 125.0
1.9360 100.0
1.9400 91.7
1.9440 83.3
1.9480 66.7
1.9520 58.3
1.9560 66.7
1.9600 33.3
1.9640 50.0
1.9680 25.0
1.9720 33.3
1.9760 33.3
1.9800 8.3
1.9840 33.3
1.9880 33.3
1.9920 100.0
1.9960 75.0
2.0000 166.7
2.0040 100.0
2.0080 158.4
2.0120 166.7
2.0160 175.0
2.0200 75.0
2.0240 116.7
2.0280 58.3
2.0320 108.3
2.0360 83.3
2.0400 33.3
2.0440 33.3
2.0480 33.3
2.0520 33.3
2.0560 41.7
2.0600 25.0
2.0640 8.3
2.0680 25.0
2.0720 66.7
2.0760 83.3
2.0800 100.0
2.0840 91.7
2.0880 141.7
2.0920 208.4
2.0960 208.4
2.1000 200.0
2.1040 175.0
2.1080 150.0
2.1120 208.4
2.1160 108.3
2.1200 83.3
2.1240 75.0
2.1280 66.7
2.1320 33.3
2.1360 16.7
2.1400 16.7
2.1440 33.3
2.1480 25.0
2.1520 25.0
2.1560 58.3
2.1600 75.0
2.1640 133.4
2.1680 91.7
2.1720 133.4
2.1760 175.0
2.1800 125.0
2.1840 225.1
2.1880 133.4
2.1920 208.4
2.1960 200.0
2.2000 125.0
2.2040 133.4
2.2080 150.0
2.2120 108.3
2.2160 133.4
2.2200 75.0
2.2240 25.0
2.2280 25.0
2.2320 25.0
2.2360 16.7
2.2400 25.0
2.2440 75.0
2.2480 58.3
2.2520 83.3
2.2560 158.4
2.2600 141.7
2.2640 200.0
2.2680 175.0
2.2720 250.1
2.2760 250.1
2.2800 200.0
2.2840 141.7
2.2880 175.0
2.2920 200.0
2.2960 150.0
2.3000 141.7
2.3040 116.7
2.3080 141.7
2.3120 66.7
2.3160 25.0
2.3200 33.3
2.3240 33.3
2.3280 75.0
2.3320 41.7
2.3360 83.3
2.3400 108.3
2.3440 158.4
2.3480 108.3
2.3520 233.4
2.3560 225.1
2.3600 183.4
2.3640 291.8
2.3680 283.4
2.3720 150.0
2.3760 191.7
2.3800 233.4
2.3840 216.7
2.3880 233.4
2.3920 83.3
2.3960 150.0
2.4000 66.7
2.4040 41.7
2.4080 41.7
2.4120 50.0
2.4160 25.0
2.4200 75.0
2.4240 91.7
2.4280 91.7
2.4320 150.0
2.4360 233.4
2.4400 200.0
2.4440 216.7
2.4480 291.8
2.4520 275.1
2.4560 233.4
2.4600 316.8
2.4640 366.8
2.4680 300.1
2.4720 183.4
2.4760 208.4
2.4800 200.0
2.4840 150.0
2.4880 158.4
2.4920 75.0
2.4960 50.0
2.5000 33.3
2.5040 58.3
2.5080 100.0
2.5120 58.3
2.5160 133.4
2.5200 183.4
2.5240 133.4
2.5280 200.0
2.5320 250.1
2.5360 200.0
2.5400 283.4
2.5440 241.7
2.5480 266.7
2.5520 225.1
2.5560 266.7
2.5600 291.8
2.5640 283.4
2.5680 191.7
2.5720 150.0
2.5760 108.3
2.5800 75.0
2.5840 66.7
2.5880 33.3
2.5920 41.7
2.5960 50.0
2.6000 41.7
2.6040 116.7
2.6080 175.0
2.6120 200.0
2.6160 191.7
2.6200 175.0
2.6240 150.0
2.6280 308.4
2.6320 291.8
2.6360 208.4
2.6400 291.8
2.6440 333.4
2.6480 250.1
2.6520 391.8
2.6560 266.7
2.6600 250.1
2.6640 225.1
2.6680 133.4
2.6720 58.3
2.6760 83.3
2.6800 100.0
2.6840 41.7
2.6880 91.7
2.6920 41.7
2.6960 91.7
2.7000 141.7
2.7040 133.4
2.7080 316.8
2.7120 325.1
2.7160 325.1
2.7200 191.7
2.7240 400.2
2.7280 300.1
2.7320 316.8
2.7360 241.7
2.7400 308.4
2.7440 141.7
2.7480 183.4
2.7520 108.3
2.7560 133.4
2.7600 108.3
2.7640 108.3
2.7680 75.0
2.7720 58.3
2.7760 25.0
2.7800 116.7
2.7840 50.0
2.7880 58.3
2.7920 158.4
2.7960 241.7
2.8000 166.7
2.8040 208.4
2.8080 275.1
2.8120 250.1
2.8160 266.7
2.8200 258.4
2.8240 233.4
2.8280 233.4
2.8320 258.4
2.8360 208.4
2.8400 158.4
2.8440 208.4
2.8480 150.0
2.8520 116.7
2.8560 116.7
2.8600 58.3
2.8640 58.3
2.8680 75.0
2.8720 75.0
2.8760 133.4
2.8800 108.3
2.8840 108.3
2.8880 225.1
2.8920 183.4
2.8960 241.7
2.9000 241.7
2.9040 333.4
2.9080 383.5
2.9120 250.1
2.9160 241.7
2.9200 258.4
2.9240 158.4
2.9280 183.4
2.9320 183.4
2.9360 83.3
2.9400 158.4
2.9440 100.0
2.9480 83.3
2.9520 50.0
2.9560 83.3
2.9600 33.3
2.9640 75.0
2.9680 83.3
2.9720 116.7
2.9760 108.3
2.9800 133.4
2.9840 208.4
2.9880 200.0
2.9920 291.8
2.9960 258.4
3.0000 133.4
3.0040 233.4
3.0080 266.7
3.0120 250.1
3.0160 216.7
3.0200 216.7
3.0240 150.0
3.0280 116.7
3.0320 125.0
3.0360 83.3
3.0400 58.3
3.0440 50.0
3.0480 66.7
3.0520 66.7
3.0560 100.0
3.0600 100.0
3.0640 125.0
3.0680 150.0
3.0720 166.7
3.0760 200.0
3.0800 216.7
3.0840 208.4
3.0880 158.4
3.0920 275.1
3.0960 200.0
3.1000 200.0
3.1040 216.7
3.1080 108.3
3.1120 158.4
3.1160 141.7
3.1200 133.4
3.1240 91.7
3.1280 83.3
3.1320 50.0
3.1360 58.3
3.1400 58.3
3.1440 58.3
3.1480 75.0
3.1520 150.0
3.1560 75.0
3.1600 108.3
3.1640 175.0
3.1680 83.3
3.1720 225.1
3.1760 216.7
3.1800 200.0
3.1840 166.7
3.1880 150.0
3.1920 125.0
3.1960 166.7
3.2000 183.4
3.2040 133.4
3.2080 100.0
3.2120 125.0
3.2160 100.0
3.2200 58.3
3.2240 41.7
3.2280 50.0
3.2320 50.0
3.2360 75.0
3.2400 58.3
3.2440 100.0
3.2480 116.7
3.2520 125.0
3.2560 133.4
3.2600 150.0
3.2640 158.4
3.2680 150.0
3.2720 150.0
3.2760 141.7
3.2800 250.1
3.2840 125.0
3.2880 166.7
3.2920 158.4
3.2960 133.4
3.3000 100.0
3.3040 66.7
3.3080 58.3
3.3120 75.0
3.3160 33.3
3.3200 41.7
3.3240 58.3
3.3280 58.3
3.3320 58.3
3.3360 58.3
3.3400 108.3
3.3440 141.7
3.3480 116.7
3.3520 183.4
3.3560 91.7
3.3600 200.0
3.3640 158.4
3.3680 158.4
3.3720 108.3
3.3760 108.3
3.3800 133.4
3.3840 191.7
3.3880 100.0
3.3920 141.7
3.3960 91.7
3.4000 66.7
3.4040 41.7
3.4080 41.7
3.4120 58.3
3.4160 58.3
3.4200 41.7
3.4240 66.7
3.4280 100.0
3.4320 108.3
3.4360 125.0
3.4400 75.0
3.4440 58.3
3.4480 100.0
3.4520 91.7
3.4560 125.0
3.4600 150.0
3.4640 133.4
3.4680 66.7
3.4720 175.0
3.4760 108.3
3.4800 100.0
3.4840 141.7
3.4880 91.7
3.4920 75.0
3.4960 25.0
3.5000 25.0
3.5040 33.3
3.5080 8.3
3.5120 58.3
3.5160 58.3
3.5200 58.3
3.5240 41.7
3.5280 108.3
3.5320 116.7
3.5360 91.7
3.5400 141.7
3.5440 150.0
3.5480 83.3
3.5520 116.7
3.5560 108.3
3.5600 91.7
3.5640 66.7
3.5680 108.3
3.5720 58.3
3.5760 91.7
3.5800 75.0
3.5840 50.0
3.5880 58.3
3.5920 41.7
3.5960 116.7
3.6000 41.7
3.6040 75.0
3.6080 33.3
3.6120 66.7
3.6160 41.7
3.6200 50.0
3.6240 50.0
3.6280 50.0
3.6320 108.3
3.6360 58.3
3.6400 125.0
3.6440 100.0
3.6480 100.0
3.6520 133.4
3.6560 83.3
3.6600 58.3
3.6640 150.0
3.6680 58.3
3.6720 75.0
3.6760 41.7
3.6800 58.3
3.6840 33.3
3.6880 41.7
3.6920 50.0
3.6960 58.3
3.7000 41.7
3.7040 33.3
3.7080 116.7
3.7120 33.3
3.7160 100.0
3.7200 66.7
3.7240 50.0
3.7280 91.7
3.7320 208.4
3.7360 75.0
3.7400 141.7
3.7440 100.0
3.7480 83.3
3.7520 50.0
3.7560 91.7
3.7600 50.0
3.7640 41.7
3.7680 33.3
3.7720 58.3
3.7760 41.7
3.7800 33.3
3.7840 58.3
3.7880 33.3
3.7920 33.3
3.7960 25.0
3.8000 58.3
3.8040 83.3
3.8080 66.7
3.8120 100.0
3.8160 100.0
3.8200 125.0
3.8240 41.7
3.8280 125.0
3.8320 83.3
3.8360 100.0
3.8400 66.7
3.8440 58.3
3.8480 50.0
3.8520 41.7
3.8560 25.0
3.8600 41.7
3.8640 41.7
3.8680 50.0
3.8720 25.0
3.8760 58.3
3.8800 50.0
3.8840 41.7
3.8880 83.3
3.8920 50.0
3.8960 41.7
3.9000 83.3
3.9040 66.7
3.9080 41.7
3.9120 58.3
3.9160 66.7
3.9200 58.3
3.9240 75.0
3.9280 50.0
3.9320 83.3
3.9360 66.7
3.9400 33.3
3.9440 33.3
3.9480 58.3
3.9520 50.0
3.9560 58.3
3.9600 0.0
3.9640 25.0
3.9680 41.7
3.9720 33.3
3.9760 16.7
3.9800 33.3
3.9840 66.7
3.9880 66.7
3.9920 33.3
3.9960 83.3
4.0000 83.3
4.0040 75.0
4.0080 58.3
4.0120 58.3
4.0160 91.7
4.0200 83.3
4.0240 58.3
4.0280 33.3
4.0320 83.3
4.0360 25.0
4.0400 50.0
4.0440 16.7
4.0480 25.0
4.0520 25.0
4.0560 41.7
4.0600 41.7
4.0640 25.0
4.0680 16.7
4.0720 16.7
4.0760 50.0
4.0800 16.7
4.0840 41.7
4.0880 66.7
4.0920 41.7
4.0960 66.7
4.1000 0.0
4.1040 33.3
4.1080 50.0
4.1120 91.7
4.1160 33.3
4.1200 25.0
4.1240 75.0
4.1280 58.3
4.1320 33.3
4.1360 33.3
4.1400 25.0
4.1440 33.3
4.1480 25.0
4.1520 41.7
4.1560 0.0
4.1600 16.7
4.1640 33.3
4.1680 41.7
4.1720 16.7
4.1760 16.7
4.1800 41.7
4.1840 16.7
4.1880 41.7
4.1920 100.0
4.1960 75.0
4.2000 25.0
4.2040 33.3
4.2080 50.0
4.2120 41.7
4.2160 25.0
4.2200 33.3
4.2240 25.0
4.2280 33.3
4.2320 50.0
4.2360 16.7
4.2400 16.7
4.2440 33.3
4.2480 25.0
4.2520 41.7
4.2560 41.7
4.2600 33.3
4.2640 25.0
4.2680 25.0
4.2720 50.0
4.2760 25.0
4.2800 16.7
4.2840 50.0
4.2880 50.0
4.2920 41.7
4.2960 25.0
4.3000 16.7
4.3040 50.0
4.3080 16.7
4.3120 8.3
4.3160 33.3
4.3200 16.7
4.3240 25.0
4.3280 16.7
4.3320 8.3
4.3360 8.3
4.3400 25.0
4.3440 16.7
4.3480 8.3
4.3520 16.7
4.3560 8.3
4.3600 33.3
4.3640 33.3
4.3680 8.3
4.3720 33.3
4.3760 25.0
4.3800 33.3
4.3840 41.7
4.3880 8.3
4.3920 50.0
4.3960 33.3
4.4000 8.3
4.4040 41.7
4.4080 25.0
4.4120 16.7
4.4160 25.0
4.4200 16.7
4.4240 16.7
4.4280 16.7
4.4320 25.0
4.4360 16.7
4.4400 16.7
4.4440 16.7
4.4480 58.3
4.4520 16.7
4.4560 33.3
4.4600 58.3
4.4640 41.7
4.4680 41.7
4.4720 0.0
4.4760 33.3
4.4800 41.7
4.4840 33.3
4.4880 41.7
4.4920 16.7
4.4960 16.7
4.5000 25.0
4.5040 8.3
4.5080 8.3
4.5120 16.7
4.5160 16.7
4.5200 33.3
4.5240 8.3
4.5280 0.0
4.5320 33.3
4.5360 8.3
4.5400 16.7
4.5440 8.3
4.5480 16.7
4.5520 41.7
4.5560 41.7
4.5600 16.7
4.5640 33.3
4.5680 8.3
4.5720 8.3
4.5760 25.0
4.5800 16.7
4.5840 16.7
4.5880 25.0
4.5920 0.0
4.5960 16.7
4.6000 16.7
4.6040 25.0
4.6080 0.0
4.6120 0.0
4.6160 8.3
4.6200 25.0
4.6240 0.0
4.6280 0.0
4.6320 8.3
4.6360 25.0
4.6400 16.7
4.6440 83.3
4.6480 33.3
4.6520 41.7
4.6560 33.3
4.6600 41.7
4.6640 41.7
4.6680 8.3
4.6720 33.3
4.6760 41.7
4.6800 0.0
4.6840 16.7
4.6880 8.3
4.6920 16.7
4.6960 16.7
4.7000 0.0
4.7040 8.3
4.7080 8.3
4.7120 25.0
4.7160 8.3
4.7200 0.0
4.7240 8.3
4.7280 25.0
4.7320 8.3
4.7360 8.3
4.7400 50.0
4.7440 0.0
4.7480 8.3
4.7520 16.7
4.7560 16.7
4.7600 16.7
4.7640 8.3
4.7680 8.3
4.7720 8.3
4.7760 0.0
4.7800 0.0
4.7840 16.7
4.7880 16.7
4.7920 8.3
4.7960 0.0
4.8000 0.0
4.8040 8.3
4.8080 0.0
4.8120 16.7
4.8160 8.3
4.8200 8.3
4.8240 0.0
4.8280 0.0
4.8320 16.7
4.8360 25.0
4.8400 33.3
4.8440 25.0
4.8480 0.0
4.8520 8.3
4.8560 0.0
4.8600 0.0
4.8640 8.3
4.8680 25.0
4.8720 8.3
4.8760 0.0
4.8800 16.7
4.8840 0.0
4.8880 25.0
4.8920 16.7
4.8960 0.0
4.9000 0.0
4.9040 8.3
4.9080 0.0
4.9120 0.0
4.9160 0.0
4.9200 16.7
4.9240 0.0
4.9280 25.0
4.9320 16.7
4.9360 25.0
4.9400 8.3
4.9440 25.0
4.9480 25.0
4.9520 8.3
4.9560 8.3
4.9600 16.7
4.9640 8.3
4.9680 0.0
4.9720 0.0
4.9760 0.0
4.9800 8.3
4.9840 0.0
4.9880 0.0
4.9920 0.0
4.9960 0.0
5.0000 0.0
5.0040 8.3
5.0080 8.3
5.0120 8.3
5.0160 8.3
5.0200 0.0
5.0240 0.0
5.0280 16.7
5.0320 8.3
5.0360 0.0
5.0400 33.3
5.0440 0.0
5.0480 16.7
5.0520 0.0
5.0560 0.0
5.0600 0.0
5.0640 0.0
5.0680 16.7
5.0720 16.7
5.0760 0.0
5.0800 33.3
5.0840 8.3
5.0880 0.0
5.0920 16.7
5.0960 16.7
5.1000 0.0
5.1040 8.3
5.1080 8.3
5.1120 16.7
5.1160 16.7
5.1200 0.0
5.1240 0.0
5.1280 0.0
5.1320 0.0
5.1360 8.3
5.1400 0.0
5.1440 0.0
5.1480 8.3
5.1520 0.0
5.1560 0.0
5.1600 0.0
5.1640 0.0
5.1680 0.0
5.1720 16.7
5.1760 0.0
5.1800 0.0
5.1840 0.0
5.1880 8.3
5.1920 16.7
5.1960 8.3
5.2000 8.3
5.2040 0.0
5.2080 8.3
5.2120 0.0
5.2160 16.7
5.2200 8.3
5.2240 8.3
5.2280 16.7
5.2320 0.0
5.2360 0.0
5.2400 8.3
5.2440 0.0
5.2480 0.0
5.2520 0.0
5.2560 0.0
5.2600 0.0
5.2640 0.0
5.2680 8.3
5.2720 0.0
5.2760 0.0
5.2800 8.3
5.2840 8.3
5.2880 0.0
5.2920 0.0
5.2960 8.3
5.3000 0.0
5.3040 0.0
5.3080 8.3
5.3120 0.0
5.3160 0.0
5.3200 8.3
5.3240 0.0
5.3280 0.0
5.3320 0.0
5.3360 0.0
5.3400 16.7
5.3440 0.0
5.3480 16.7
5.3520 0.0
5.3560 0.0
5.3600 0.0
5.3640 0.0
5.3680 8.3
5.3720 0.0
5.3760 8.3
5.3800 8.3
5.3840 8.3
5.3880 0.0
5.3920 0.0
5.3960 16.7
5.4000 0.0
5.4040 0.0
5.4080 0.0
5.4120 25.0
5.4160 8.3
5.4200 8.3
5.4240 16.7
5.4280 0.0
5.4320 8.3
5.4360 0.0
5.4400 8.3
5.4440 0.0
5.4480 0.0
5.4520 0.0
5.4560 8.3
5.4600 8.3
5.4640 0.0
5.4680 0.0
5.4720 0.0
5.4760 8.3
5.4800 8.3
5.4840 0.0
5.4880 0.0
5.4920 0.0
5.4960 0.0
5.5000 8.3
5.5040 0.0
5.5080 0.0
5.5120 0.0
5.5160 8.3
5.5200 0.0
5.5240 0.0
5.5280 0.0
5.5320 0.0
5.5360 8.3
5.5400 8.3
5.5440 0.0
5.5480 0.0
5.5520 0.0
5.5560 0.0
5.5600 0.0
5.5640 16.7
5.5680 0.0
5.5720 0.0
5.5760 0.0
5.5800 0.0
5.5840 8.3
5.5880 0.0
5.5920 0.0
5.5960 8.3
5.6000 8.3
5.6040 8.3
5.6080 8.3
5.6120 0.0
5.6160 0.0
5.6200 0.0
5.6240 0.0
5.6280 0.0
5.6320 0.0
5.6360 0.0
5.6400 0.0
5.6440 0.0
5.6480 0.0
5.6520 0.0
5.6560 0.0
5.6600 0.0
5.6640 0.0
5.6680 0.0
5.6720 0.0
5.6760 0.0
5.6800 0.0
5.6840 0.0
5.6880 0.0
5.6920 8.3
5.6960 8.3
5.7000 16.7
5.7040 0.0
5.7080 0.0
5.7120 0.0
5.7160 0.0
5.7200 0.0
5.7240 0.0
5.7280 8.3
5.7320 8.3
5.7360 0.0
5.7400 0.0
5.7440 0.0
5.7480 8.3
5.7520 8.3
5.7560 0.0
5.7600 0.0
5.7640 8.3
5.7680 0.0
5.7720 0.0
5.7760 0.0
5.7800 0.0
5.7840 0.0
5.7880 8.3
5.7920 8.3
5.7960 8.3
5.8000 0.0
5.8040 16.7
5.8080 0.0
5.8120 8.3
5.8160 0.0
5.8200 0.0
5.8240 0.0
5.8280 0.0
5.8320 8.3
5.8360 8.3
5.8400 0.0
5.8440 8.3
5.8480 16.7
5.8520 0.0
5.8560 0.0
5.8600 0.0
5.8640 16.7
5.8680 8.3
5.8720 0.0
5.8760 0.0
5.8800 0.0
5.8840 0.0
5.8880 0.0
5.8920 0.0
5.8960 8.3
5.9000 0.0
5.9040 0.0
5.9080 0.0
5.9120 16.7
5.9160 8.3
5.9200 0.0
5.9240 8.3
5.9280 0.0
5.9320 8.3
5.9360 25.0
5.9400 0.0
5.9440 0.0
5.9480 8.3
5.9520 0.0
5.9560 0.0
5.9600 0.0
5.9640 0.0
5.9680 0.0
5.9720 8.3
5.9760 0.0
5.9800 0.0
5.9840 0.0
5.9880 16.7
5.9920 0.0
5.9960 8.3
6.0000 0.0
