;Bundle             = 1
;Partition          = 1
;Operator           = 
;Gonio              = ATX-G
;Memo               = 
;IncidentMonochro   = ½Ø¯ÄºØÒ°¼®Ý
;CounterMonochro    = ŽóŒõ½Ø¯Ä
;Attachment         = XY-STAGE
;Filter             = 
;SlitName0          = S1 10*1
;SlitName1          = S2 5*0.05
;SlitName2          = ATT 
;SlitName3          = RS 5*0.1
;SlitName4          = GS nothing
;Counter            = SC-70
;KAlpha1            = 1.5403
;KAlpha2            = 1.5434
;KBata              = 0
;Target             = Cu
;KV                 = 50
;mA                 = 300
;AxisName           = 2Theta/Omega
;MeasurementMethod = Continuation
;Start              = 0.2
;Finish             = 6
;Speed              = 2
;FixedTime          = 
;Width              = 0.004
;FullScale         = 1e+07
;Comment            = 0.35
;SampleName         = 
;Xunit              = deg.
;Yunit              = CPS
0.2000 19935.8
0.2040 17820.1
0.2080 16129.8
0.2120 15630.6
0.2160 16189.7
0.2200 15192.4
0.2240 14839.9
0.2280 13366.2
0.2320 13904.6
0.2360 13252.1
0.2400 13648.0
0.2440 13141.6
0.2480 13407.0
0.2520 14402.1
0.2560 19301.7
0.2600 27861.2
0.2640 46469.3
0.2680 75381.8
0.2720 117860.5
0.2760 176564.9
0.2800 241611.9
0.2840 320663.6
0.2880 402212.3
0.2920 486458.1
0.2960 568939.4
0.3000 676470.0
0.3040 774703.2
0.3080 841919.9
0.3120 913221.8
0.3160 1005030.1
0.3200 1067143.5
0.3240 1146610.5
0.3280 1173623.2
0.3320 1196389.0
0.3360 1246261.5
0.3400 1266395.8
0.3440 1285566.9
0.3480 1287430.8
0.3520 1290099.2
0.3560 1325508.6
0.3600 1335621.2
0.3640 1361087.1
0.3680 1362994.5
0.3720 1404582.4
0.3760 1403327.4
0.3800 1422712.1
0.3840 1434543.8
0.3880 1474107.0
0.3920 1506963.1
0.3960 1490599.1
0.4000 1535800.8
0.4040 1598150.9
0.4080 1604468.0
0.4120 1636687.6
0.4160 1649912.8
0.4200 1689281.5
0.4240 1692716.5
0.4280 1725650.9
0.4320 1742471.6
0.4360 1772384.4
0.4400 1789045.6
0.4440 1809655.6
0.4480 1846646.6
0.4520 1818825.1
0.4560 1879099.9
0.4600 1871097.6
0.4640 1894678.5
0.4680 1906005.9
0.4720 1899030.1
0.4760 1948397.2
0.4800 1911530.0
0.4840 1956372.1
0.4880 1952780.6
0.4920 1953322.0
0.4960 1962922.9
0.5000 1958464.4
0.5040 1972213.9
0.5080 1950784.5
0.5120 1981646.8
0.5160 1968736.6
0.5200 1979875.8
0.5240 1947952.1
0.5280 1956843.6
0.5320 1952349.2
0.5360 1971966.5
0.5400 1925444.4
0.5440 1923753.9
0.5480 1950769.8
0.5520 1899484.8
0.5560 1908552.8
0.5600 1923417.6
0.5640 1907356.0
0.5680 1901009.2
0.5720 1911568.0
0.5760 1897004.4
0.5800 1875699.8
0.5840 1888087.6
0.5880 1896788.8
0.5920 1884515.1
0.5960 1893138.1
0.6000 1900646.6
0.6040 1852440.4
0.6080 1855796.0
0.6120 1862712.6
0.6160 1865999.5
0.6200 1853788.4
0.6240 1848356.1
0.6280 1873208.9
0.6320 1829047.6
0.6360 1836589.0
0.6400 1797716.1
0.6440 1814144.6
0.6480 1800803.2
0.6520 1818542.9
0.6560 1791320.8
0.6600 1802036.0
0.6640 1748114.2
0.6680 1755276.0
0.6720 1747706.1
0.6760 1712153.0
0.6800 1693609.9
0.6840 1711714.2
0.6880 1654366.9
0.6920 1655049.9
0.6960 1635938.0
0.7000 1620019.0
0.7040 1574348.0
0.7080 1565727.1
0.7120 1500187.2
0.7160 1509966.9
0.7200 1463280.9
0.7240 1409442.5
0.7280 1366959.1
0.7320 1319212.8
0.7360 1292379.8
0.7400 1255553.6
0.7440 1214396.0
0.7480 1176823.5
0.7520 1114851.9
0.7560 1058390.5
0.7600 1055437.6
0.7640 960752.6
0.7680 931539.7
0.7720 885863.4
0.7760 851064.1
0.7800 804144.4
0.7840 775412.6
0.7880 708612.5
0.7920 676739.6
0.7960 649766.0
0.8000 601978.4
0.8040 569869.8
0.8080 545155.5
0.8120 537019.9
0.8160 492111.2
0.8200 472671.6
0.8240 439591.3
0.8280 424351.1
0.8320 404504.4
0.8360 375922.8
0.8400 362570.8
0.8440 345552.2
0.8480 332087.1
0.8520 331363.0
0.8560 309046.6
0.8600 295655.1
0.8640 284461.0
0.8680 272393.3
0.8720 256934.5
0.8760 247078.7
0.8800 238502.4
0.8840 223367.8
0.8880 216174.9
0.8920 207364.2
0.8960 203299.5
0.9000 189673.2
0.9040 182616.7
0.9080 175910.8
0.9120 167124.5
0.9160 162397.8
0.9200 153500.7
0.9240 148271.3
0.9280 144950.4
0.9320 137012.1
0.9360 132420.6
0.9400 125711.0
0.9440 120863.7
0.9480 118803.5
0.9520 113169.1
0.9560 106482.7
0.9600 103155.7
0.9640 102959.8
0.9680 98411.6
0.9720 95823.9
0.9760 91497.5
0.9800 87711.5
0.9840 83741.2
0.9880 79071.0
0.9920 75242.9
0.9960 72565.4
1.0000 70358.6
1.0040 67806.3
1.0080 65486.6
1.0120 62964.4
1.0160 60823.7
1.0200 59187.5
1.0240 55444.1
1.0280 57599.0
1.0320 53321.9
1.0360 52652.1
1.0400 50604.2
1.0440 48042.4
1.0480 46778.7
1.0520 43545.6
1.0560 41578.2
1.0600 40089.2
1.0640 38313.8
1.0680 36741.4
1.0720 35845.9
1.0760 34832.2
1.0800 33891.8
1.0840 32038.6
1.0880 32329.8
1.0920 33310.2
1.0960 31577.6
1.1000 29705.8
1.1040 29214.1
1.1080 28484.2
1.1120 26865.3
1.1160 24178.5
1.1200 23104.0
1.1240 22022.8
1.1280 20570.9
1.1320 18817.6
1.1360 18485.9
1.1400 18609.3
1.1440 17622.1
1.1480 18624.5
1.1520 17319.3
1.1560 17830.0
1.1600 17207.9
1.1640 17571.9
1.1680 16535.2
1.1720 16061.9
1.1760 15311.4
1.1800 13793.2
1.1840 14297.9
1.1880 11970.2
1.1920 11945.1
1.1960 10886.9
1.2000 10154.3
1.2040 9448.8
1.2080 9210.7
1.2120 8591.6
1.2160 8727.2
1.2200 8557.8
1.2240 9516.9
1.2280 9618.2
1.2320 8609.1
1.2360 8795.1
1.2400 8930.8
1.2440 8753.2
1.2480 8380.0
1.2520 7261.8
1.2560 7498.7
1.2600 6324.2
1.2640 5598.6
1.2680 5716.6
1.2720 4697.7
1.2760 4613.4
1.2800 3924.0
1.2840 4436.6
1.2880 3823.2
1.2920 3974.4
1.2960 3974.4
1.3000 4235.1
1.3040 4268.5
1.3080 4562.8
1.3120 4192.9
1.3160 4218.2
1.3200 4277.0
1.3240 4058.6
1.3280 3949.1
1.3320 3344.7
1.3360 3235.7
1.3400 2984.0
1.3440 2288.6
1.3480 2405.9
1.3520 2087.7
1.3560 1502.3
1.3600 1686.3
1.3640 1778.2
1.3680 1820.1
1.3720 1987.3
1.3760 1753.1
1.3800 2313.7
1.3840 2087.8
1.3880 2138.0
1.3920 2297.0
1.3960 2104.5
1.4000 1912.1
1.4040 1795.0
1.4080 1753.1
1.4120 1527.4
1.4160 1193.1
1.4200 1260.0
1.4240 850.7
1.4280 750.6
1.4320 783.9
1.4360 817.4
1.4400 633.7
1.4440 700.5
1.4480 633.7
1.4520 658.8
1.4560 892.5
1.4600 800.7
1.4640 1067.8
1.4680 817.4
1.4720 1034.4
1.4760 875.8
1.4800 950.9
1.4840 909.2
1.4880 850.7
1.4920 683.8
1.4960 617.0
1.5000 433.5
1.5040 333.4
1.5080 316.8
1.5120 283.4
1.5160 233.4
1.5200 191.7
1.5240 216.7
1.5280 291.8
1.5320 300.1
1.5360 300.1
1.5400 450.2
1.5440 391.8
1.5480 391.8
1.5520 391.8
1.5560 375.1
1.5600 400.2
1.5640 383.5
1.5680 258.4
1.5720 400.2
1.5760 216.7
1.5800 291.8
1.5840 125.0
1.5880 158.4
1.5920 150.0
1.5960 83.3
1.6000 116.7
1.6040 108.3
1.6080 108.3
1.6120 108.3
1.6160 150.0
1.6200 158.4
1.6240 175.0
1.6280 191.7
1.6320 250.1
1.6360 233.4
1.6400 266.7
1.6440 216.7
1.6480 166.7
1.6520 175.0
1.6560 166.7
1.6600 166.7
1.6640 75.0
1.6680 33.3
1.6720 66.7
1.6760 33.3
1.6800 100.0
1.6840 50.0
1.6880 66.7
1.6920 58.3
1.6960 91.7
1.7000 83.3
1.7040 108.3
1.7080 108.3
1.7120 141.7
1.7160 158.4
1.7200 141.7
1.7240 108.3
1.7280 100.0
1.7320 66.7
1.7360 116.7
1.7400 91.7
1.7440 25.0
1.7480 58.3
1.7520 66.7
1.7560 58.3
1.7600 50.0
1.7640 66.7
1.7680 83.3
1.7720 41.7
1.7760 50.0
1.7800 75.0
1.7840 91.7
1.7880 91.7
1.7920 83.3
1.7960 83.3
1.8000 141.7
1.8040 50.0
1.8080 83.3
1.8120 58.3
1.8160 50.0
1.8200 58.3
1.8240 58.3
1.8280 50.0
1.8320 16.7
1.8360 41.7
1.8400 50.0
1.8440 66.7
1.8480 58.3
1.8520 58.3
1.8560 100.0
1.8600 91.7
1.8640 75.0
1.8680 125.0
1.8720 66.7
1.8760 75.0
1.8800 58.3
1.8840 25.0
1.8880 83.3
1.8920 66.7
1.8960 50.0
1.9000 58.3
1.9040 33.3
1.9080 33.3
1.9120 16.7
1.9160 25.0
1.9200 50.0
1.9240 33.3
1.9280 25.0
1.9320 66.7
1.9360 50.0
1.9400 58.3
1.9440 66.7
1.9480 100.0
1.9520 66.7
1.9560 50.0
1.9600 91.7
1.9640 108.3
1.9680 66.7
1.9720 66.7
1.9760 75.0
1.9800 33.3
1.9840 41.7
1.9880 25.0
1.9920 25.0
1.9960 41.7
2.0000 16.7
2.0040 33.3
2.0080 41.7
2.0120 83.3
2.0160 41.7
2.0200 41.7
2.0240 41.7
2.0280 83.3
2.0320 75.0
2.0360 58.3
2.0400 58.3
2.0440 83.3
2.0480 33.3
2.0520 41.7
2.0560 50.0
2.0600 66.7
2.0640 33.3
2.0680 0.0
2.0720 41.7
2.0760 50.0
2.0800 66.7
2.0840 33.3
2.0880 58.3
2.0920 66.7
2.0960 41.7
2.1000 75.0
2.1040 33.3
2.1080 58.3
2.1120 50.0
2.1160 58.3
2.1200 66.7
2.1240 25.0
2.1280 66.7
2.1320 66.7
2.1360 33.3
2.1400 50.0
2.1440 16.7
2.1480 50.0
2.1520 66.7
2.1560 33.3
2.1600 33.3
2.1640 16.7
2.1680 25.0
2.1720 33.3
2.1760 16.7
2.1800 25.0
2.1840 50.0
2.1880 50.0
2.1920 16.7
2.1960 25.0
2.2000 33.3
2.2040 25.0
2.2080 83.3
2.2120 50.0
2.2160 33.3
2.2200 58.3
2.2240 58.3
2.2280 66.7
2.2320 16.7
2.2360 33.3
2.2400 41.7
2.2440 25.0
2.2480 33.3
2.2520 58.3
2.2560 25.0
2.2600 25.0
2.2640 41.7
2.2680 75.0
2.2720 50.0
2.2760 58.3
2.2800 41.7
2.2840 16.7
2.2880 50.0
2.2920 50.0
2.2960 16.7
2.3000 33.3
2.3040 50.0
2.3080 33.3
2.3120 50.0
2.3160 41.7
2.3200 41.7
2.3240 33.3
2.3280 16.7
2.3320 8.3
2.3360 50.0
2.3400 41.7
2.3440 41.7
2.3480 16.7
2.3520 16.7
2.3560 33.3
2.3600 25.0
2.3640 33.3
2.3680 8.3
2.3720 58.3
2.3760 25.0
2.3800 33.3
2.3840 50.0
2.3880 33.3
2.3920 41.7
2.3960 25.0
2.4000 50.0
2.4040 25.0
2.4080 16.7
2.4120 16.7
2.4160 25.0
2.4200 41.7
2.4240 16.7
2.4280 8.3
2.4320 16.7
2.4360 25.0
2.4400 50.0
2.4440 0.0
2.4480 33.3
2.4520 0.0
2.4560 25.0
2.4600 33.3
2.4640 16.7
2.4680 8.3
2.4720 16.7
2.4760 58.3
2.4800 33.3
2.4840 16.7
2.4880 16.7
2.4920 25.0
2.4960 33.3
2.5000 50.0
2.5040 41.7
2.5080 25.0
2.5120 25.0
2.5160 8.3
2.5200 25.0
2.5240 33.3
2.5280 33.3
2.5320 25.0
2.5360 33.3
2.5400 58.3
2.5440 33.3
2.5480 58.3
2.5520 25.0
2.5560 25.0
2.5600 8.3
2.5640 41.7
2.5680 33.3
2.5720 16.7
2.5760 41.7
2.5800 16.7
2.5840 25.0
2.5880 0.0
2.5920 41.7
2.5960 58.3
2.6000 25.0
2.6040 33.3
2.6080 33.3
2.6120 16.7
2.6160 25.0
2.6200 58.3
2.6240 33.3
2.6280 16.7
2.6320 58.3
2.6360 16.7
2.6400 33.3
2.6440 8.3
2.6480 33.3
2.6520 41.7
2.6560 16.7
2.6600 16.7
2.6640 8.3
2.6680 8.3
2.6720 41.7
2.6760 25.0
2.6800 41.7
2.6840 8.3
2.6880 41.7
2.6920 25.0
2.6960 16.7
2.7000 16.7
2.7040 0.0
2.7080 16.7
2.7120 8.3
2.7160 8.3
2.7200 50.0
2.7240 16.7
2.7280 16.7
2.7320 25.0
2.7360 16.7
2.7400 66.7
2.7440 41.7
2.7480 41.7
2.7520 33.3
2.7560 16.7
2.7600 16.7
2.7640 16.7
2.7680 41.7
2.7720 50.0
2.7760 41.7
2.7800 25.0
2.7840 16.7
2.7880 8.3
2.7920 0.0
2.7960 16.7
2.8000 25.0
2.8040 8.3
2.8080 33.3
2.8120 16.7
2.8160 25.0
2.8200 25.0
2.8240 41.7
2.8280 16.7
2.8320 50.0
2.8360 33.3
2.8400 25.0
2.8440 16.7
2.8480 25.0
2.8520 16.7
2.8560 25.0
2.8600 41.7
2.8640 16.7
2.8680 25.0
2.8720 33.3
2.8760 25.0
2.8800 33.3
2.8840 8.3
2.8880 8.3
2.8920 41.7
2.8960 33.3
2.9000 41.7
2.9040 8.3
2.9080 41.7
2.9120 33.3
2.9160 33.3
2.9200 25.0
2.9240 16.7
2.9280 16.7
2.9320 16.7
2.9360 41.7
2.9400 0.0
2.9440 50.0
2.9480 0.0
2.9520 0.0
2.9560 16.7
2.9600 8.3
2.9640 16.7
2.9680 16.7
2.9720 41.7
2.9760 8.3
2.9800 25.0
2.9840 66.7
2.9880 8.3
2.9920 16.7
2.9960 41.7
3.0000 66.7
3.0040 41.7
3.0080 33.3
3.0120 8.3
3.0160 25.0
3.0200 33.3
3.0240 33.3
3.0280 16.7
3.0320 25.0
3.0360 16.7
3.0400 33.3
3.0440 33.3
3.0480 58.3
3.0520 8.3
3.0560 25.0
3.0600 8.3
3.0640 25.0
3.0680 33.3
3.0720 25.0
3.0760 33.3
3.0800 50.0
3.0840 33.3
3.0880 8.3
3.0920 16.7
3.0960 50.0
3.1000 58.3
3.1040 16.7
3.1080 25.0
3.1120 0.0
3.1160 25.0
3.1200 16.7
3.1240 16.7
3.1280 8.3
3.1320 8.3
3.1360 8.3
3.1400 16.7
3.1440 0.0
3.1480 8.3
3.1520 8.3
3.1560 16.7
3.1600 16.7
3.1640 33.3
3.1680 16.7
3.1720 16.7
3.1760 25.0
3.1800 25.0
3.1840 8.3
3.1880 8.3
3.1920 16.7
3.1960 33.3
3.2000 25.0
3.2040 8.3
3.2080 8.3
3.2120 0.0
3.2160 0.0
3.2200 0.0
3.2240 41.7
3.2280 16.7
3.2320 0.0
3.2360 16.7
3.2400 33.3
3.2440 33.3
3.2480 33.3
3.2520 33.3
3.2560 25.0
3.2600 16.7
3.2640 33.3
3.2680 16.7
3.2720 25.0
3.2760 41.7
3.2800 8.3
3.2840 25.0
3.2880 16.7
3.2920 16.7
3.2960 16.7
3.3000 25.0
3.3040 41.7
3.3080 25.0
3.3120 41.7
3.3160 25.0
3.3200 0.0
3.3240 16.7
3.3280 33.3
3.3320 25.0
3.3360 16.7
3.3400 16.7
3.3440 41.7
3.3480 8.3
3.3520 16.7
3.3560 33.3
3.3600 25.0
3.3640 25.0
3.3680 0.0
3.3720 16.7
3.3760 8.3
3.3800 0.0
3.3840 66.7
3.3880 16.7
3.3920 58.3
3.3960 16.7
3.4000 16.7
3.4040 8.3
3.4080 16.7
3.4120 16.7
3.4160 16.7
3.4200 41.7
3.4240 83.3
3.4280 41.7
3.4320 25.0
3.4360 33.3
3.4400 16.7
3.4440 33.3
3.4480 8.3
3.4520 41.7
3.4560 0.0
3.4600 41.7
3.4640 33.3
3.4680 33.3
3.4720 33.3
3.4760 25.0
3.4800 16.7
3.4840 8.3
3.4880 50.0
3.4920 16.7
3.4960 33.3
3.5000 8.3
3.5040 8.3
3.5080 25.0
3.5120 33.3
3.5160 0.0
3.5200 8.3
3.5240 25.0
3.5280 8.3
3.5320 8.3
3.5360 50.0
3.5400 58.3
3.5440 8.3
3.5480 16.7
3.5520 33.3
3.5560 41.7
3.5600 8.3
3.5640 33.3
3.5680 25.0
3.5720 8.3
3.5760 25.0
3.5800 58.3
3.5840 16.7
3.5880 25.0
3.5920 25.0
3.5960 8.3
3.6000 8.3
3.6040 8.3
3.6080 16.7
3.6120 25.0
3.6160 33.3
3.6200 33.3
3.6240 25.0
3.6280 33.3
3.6320 16.7
3.6360 8.3
3.6400 8.3
3.6440 16.7
3.6480 33.3
3.6520 8.3
3.6560 16.7
3.6600 33.3
3.6640 25.0
3.6680 16.7
3.6720 33.3
3.6760 25.0
3.6800 8.3
3.6840 41.7
3.6880 16.7
3.6920 8.3
3.6960 16.7
3.7000 0.0
3.7040 0.0
3.7080 33.3
3.7120 50.0
3.7160 16.7
3.7200 16.7
3.7240 8.3
3.7280 25.0
3.7320 8.3
3.7360 25.0
3.7400 33.3
3.7440 16.7
3.7480 0.0
3.7520 41.7
3.7560 8.3
3.7600 16.7
3.7640 25.0
3.7680 25.0
3.7720 16.7
3.7760 0.0
3.7800 33.3
3.7840 8.3
3.7880 8.3
3.7920 8.3
3.7960 25.0
3.8000 25.0
3.8040 8.3
3.8080 8.3
3.8120 25.0
3.8160 8.3
3.8200 25.0
3.8240 33.3
3.8280 16.7
3.8320 16.7
3.8360 25.0
3.8400 41.7
3.8440 8.3
3.8480 25.0
3.8520 8.3
3.8560 25.0
3.8600 16.7
3.8640 0.0
3.8680 41.7
3.8720 33.3
3.8760 41.7
3.8800 16.7
3.8840 16.7
3.8880 0.0
3.8920 25.0
3.8960 25.0
3.9000 16.7
3.9040 0.0
3.9080 33.3
3.9120 8.3
3.9160 8.3
3.9200 16.7
3.9240 8.3
3.9280 8.3
3.9320 0.0
3.9360 50.0
3.9400 25.0
3.9440 0.0
3.9480 16.7
3.9520 25.0
3.9560 33.3
3.9600 8.3
3.9640 25.0
3.9680 16.7
3.9720 8.3
3.9760 25.0
3.9800 50.0
3.9840 0.0
3.9880 8.3
3.9920 0.0
3.9960 41.7
4.0000 16.7
4.0040 8.3
4.0080 16.7
4.0120 8.3
4.0160 8.3
4.0200 50.0
4.0240 8.3
4.0280 16.7
4.0320 16.7
4.0360 25.0
4.0400 25.0
4.0440 16.7
4.0480 25.0
4.0520 25.0
4.0560 16.7
4.0600 16.7
4.0640 16.7
4.0680 25.0
4.0720 16.7
4.0760 25.0
4.0800 8.3
4.0840 25.0
4.0880 16.7
4.0920 33.3
4.0960 16.7
4.1000 8.3
4.1040 8.3
4.1080 16.7
4.1120 16.7
4.1160 16.7
4.1200 8.3
4.1240 0.0
4.1280 0.0
4.1320 8.3
4.1360 16.7
4.1400 33.3
4.1440 8.3
4.1480 8.3
4.1520 25.0
4.1560 50.0
4.1600 8.3
4.1640 33.3
4.1680 8.3
4.1720 8.3
4.1760 41.7
4.1800 16.7
4.1840 33.3
4.1880 33.3
4.1920 25.0
4.1960 16.7
4.2000 25.0
4.2040 16.7
4.2080 16.7
4.2120 25.0
4.2160 41.7
4.2200 8.3
4.2240 8.3
4.2280 16.7
4.2320 0.0
4.2360 16.7
4.2400 8.3
4.2440 8.3
4.2480 0.0
4.2520 16.7
4.2560 16.7
4.2600 8.3
4.2640 16.7
4.2680 16.7
4.2720 0.0
4.2760 8.3
4.2800 33.3
4.2840 8.3
4.2880 0.0
4.2920 25.0
4.2960 16.7
4.3000 16.7
4.3040 8.3
4.3080 33.3
4.3120 8.3
4.3160 8.3
4.3200 0.0
4.3240 0.0
4.3280 25.0
4.3320 25.0
4.3360 33.3
4.3400 8.3
4.3440 33.3
4.3480 0.0
4.3520 25.0
4.3560 8.3
4.3600 25.0
4.3640 8.3
4.3680 16.7
4.3720 0.0
4.3760 25.0
4.3800 50.0
4.3840 16.7
4.3880 0.0
4.3920 33.3
4.3960 33.3
4.4000 0.0
4.4040 25.0
4.4080 0.0
4.4120 8.3
4.4160 33.3
4.4200 8.3
4.4240 0.0
4.4280 0.0
4.4320 0.0
4.4360 25.0
4.4400 33.3
4.4440 41.7
4.4480 16.7
4.4520 25.0
4.4560 0.0
4.4600 8.3
4.4640 25.0
4.4680 16.7
4.4720 8.3
4.4760 16.7
4.4800 16.7
4.4840 8.3
4.4880 8.3
4.4920 33.3
4.4960 25.0
4.5000 16.7
4.5040 33.3
4.5080 16.7
4.5120 8.3
4.5160 16.7
4.5200 0.0
4.5240 16.7
4.5280 25.0
4.5320 25.0
4.5360 16.7
4.5400 16.7
4.5440 16.7
4.5480 16.7
4.5520 8.3
4.5560 8.3
4.5600 41.7
4.5640 0.0
4.5680 33.3
4.5720 8.3
4.5760 16.7
4.5800 8.3
4.5840 8.3
4.5880 16.7
4.5920 8.3
4.5960 8.3
4.6000 0.0
4.6040 41.7
4.6080 16.7
4.6120 0.0
4.6160 25.0
4.6200 16.7
4.6240 16.7
4.6280 16.7
4.6320 8.3
4.6360 33.3
4.6400 25.0
4.6440 16.7
4.6480 8.3
4.6520 16.7
4.6560 8.3
4.6600 25.0
4.6640 41.7
4.6680 33.3
4.6720 16.7
4.6760 33.3
4.6800 16.7
4.6840 8.3
4.6880 41.7
4.6920 8.3
4.6960 8.3
4.7000 25.0
4.7040 25.0
4.7080 16.7
4.7120 8.3
4.7160 25.0
4.7200 8.3
4.7240 33.3
4.7280 25.0
4.7320 16.7
4.7360 16.7
4.7400 16.7
4.7440 8.3
4.7480 8.3
4.7520 8.3
4.7560 16.7
4.7600 0.0
4.7640 16.7
4.7680 50.0
4.7720 8.3
4.7760 41.7
4.7800 25.0
4.7840 16.7
4.7880 8.3
4.7920 16.7
4.7960 16.7
4.8000 16.7
4.8040 0.0
4.8080 16.7
4.8120 0.0
4.8160 0.0
4.8200 25.0
4.8240 16.7
4.8280 33.3
4.8320 25.0
4.8360 25.0
4.8400 41.7
4.8440 0.0
4.8480 8.3
4.8520 25.0
4.8560 8.3
4.8600 8.3
4.8640 0.0
4.8680 16.7
4.8720 33.3
4.8760 8.3
4.8800 33.3
4.8840 25.0
4.8880 0.0
4.8920 16.7
4.8960 25.0
4.9000 33.3
4.9040 8.3
4.9080 8.3
4.9120 16.7
4.9160 0.0
4.9200 16.7
4.9240 0.0
4.9280 8.3
4.9320 8.3
4.9360 8.3
4.9400 25.0
4.9440 8.3
4.9480 16.7
4.9520 16.7
4.9560 16.7
4.9600 33.3
4.9640 8.3
4.9680 33.3
4.9720 33.3
4.9760 16.7
4.9800 0.0
4.9840 8.3
4.9880 0.0
4.9920 33.3
4.9960 16.7
5.0000 16.7
5.0040 16.7
5.0080 8.3
5.0120 33.3
5.0160 16.7
5.0200 33.3
5.0240 8.3
5.0280 16.7
5.0320 25.0
5.0360 33.3
5.0400 0.0
5.0440 8.3
5.0480 8.3
5.0520 16.7
5.0560 16.7
5.0600 16.7
5.0640 16.7
5.0680 8.3
5.0720 0.0
5.0760 8.3
5.0800 8.3
5.0840 16.7
5.0880 8.3
5.0920 16.7
5.0960 0.0
5.1000 0.0
5.1040 16.7
5.1080 8.3
5.1120 8.3
5.1160 41.7
5.1200 16.7
5.1240 0.0
5.1280 16.7
5.1320 8.3
5.1360 8.3
5.1400 25.0
5.1440 16.7
5.1480 0.0
5.1520 0.0
5.1560 0.0
5.1600 0.0
5.1640 16.7
5.1680 8.3
5.1720 8.3
5.1760 16.7
5.1800 8.3
5.1840 16.7
5.1880 8.3
5.1920 8.3
5.1960 0.0
5.2000 8.3
5.2040 8.3
5.2080 16.7
5.2120 16.7
5.2160 0.0
5.2200 16.7
5.2240 16.7
5.2280 8.3
5.2320 16.7
5.2360 0.0
5.2400 8.3
5.2440 0.0
5.2480 0.0
5.2520 8.3
5.2560 8.3
5.2600 25.0
5.2640 16.7
5.2680 25.0
5.2720 16.7
5.2760 8.3
5.2800 8.3
5.2840 25.0
5.2880 8.3
5.2920 16.7
5.2960 8.3
5.3000 25.0
5.3040 8.3
5.3080 16.7
5.3120 8.3
5.3160 8.3
5.3200 0.0
5.3240 8.3
5.3280 16.7
5.3320 0.0
5.3360 8.3
5.3400 8.3
5.3440 8.3
5.3480 8.3
5.3520 0.0
5.3560 33.3
5.3600 16.7
5.3640 8.3
5.3680 16.7
5.3720 16.7
5.3760 16.7
5.3800 8.3
5.3840 16.7
5.3880 16.7
5.3920 25.0
5.3960 0.0
5.4000 16.7
5.4040 8.3
5.4080 33.3
5.4120 41.7
5.4160 0.0
5.4200 0.0
5.4240 16.7
5.4280 16.7
5.4320 0.0
5.4360 8.3
5.4400 8.3
5.4440 0.0
5.4480 16.7
5.4520 25.0
5.4560 25.0
5.4600 16.7
5.4640 16.7
5.4680 8.3
5.4720 8.3
5.4760 8.3
5.4800 0.0
5.4840 8.3
5.4880 33.3
5.4920 25.0
5.4960 16.7
5.5000 33.3
5.5040 25.0
5.5080 0.0
5.5120 8.3
5.5160 8.3
5.5200 8.3
5.5240 25.0
5.5280 8.3
5.5320 16.7
5.5360 8.3
5.5400 16.7
5.5440 16.7
5.5480 16.7
5.5520 0.0
5.5560 25.0
5.5600 8.3
5.5640 0.0
5.5680 0.0
5.5720 16.7
5.5760 25.0
5.5800 16.7
5.5840 0.0
5.5880 8.3
5.5920 16.7
5.5960 8.3
5.6000 25.0
5.6040 8.3
5.6080 0.0
5.6120 8.3
5.6160 25.0
5.6200 16.7
5.6240 25.0
5.6280 16.7
5.6320 16.7
5.6360 0.0
5.6400 8.3
5.6440 25.0
5.6480 16.7
5.6520 16.7
5.6560 25.0
5.6600 8.3
5.6640 16.7
5.6680 33.3
5.6720 8.3
5.6760 8.3
5.6800 8.3
5.6840 8.3
5.6880 16.7
5.6920 8.3
5.6960 25.0
5.7000 0.0
5.7040 16.7
5.7080 8.3
5.7120 0.0
5.7160 16.7
5.7200 25.0
5.7240 0.0
5.7280 0.0
5.7320 8.3
5.7360 25.0
5.7400 0.0
5.7440 8.3
5.7480 8.3
5.7520 0.0
5.7560 8.3
5.7600 0.0
5.7640 8.3
5.7680 25.0
5.7720 16.7
5.7760 8.3
5.7800 8.3
5.7840 8.3
5.7880 16.7
5.7920 16.7
5.7960 0.0
5.8000 25.0
5.8040 25.0
5.8080 8.3
5.8120 0.0
5.8160 25.0
5.8200 16.7
5.8240 16.7
5.8280 8.3
5.8320 0.0
5.8360 8.3
5.8400 16.7
5.8440 8.3
5.8480 0.0
5.8520 0.0
5.8560 0.0
5.8600 50.0
5.8640 0.0
5.8680 16.7
5.8720 8.3
5.8760 16.7
5.8800 8.3
5.8840 16.7
5.8880 0.0
5.8920 25.0
5.8960 8.3
5.9000 8.3
5.9040 16.7
5.9080 8.3
5.9120 0.0
5.9160 16.7
5.9200 0.0
5.9240 25.0
5.9280 33.3
5.9320 16.7
5.9360 16.7
5.9400 8.3
5.9440 8.3
5.9480 16.7
5.9520 33.3
5.9560 25.0
5.9600 8.3
5.9640 16.7
5.9680 0.0
5.9720 8.3
5.9760 8.3
5.9800 8.3
5.9840 8.3
5.9880 8.3
5.9920 25.0
5.9960 33.3
6.0000 8.3
