;Bundle             = 1
;Partition          = 1
;Operator           = 
;Gonio              = ATX-G
;Memo               = 
;IncidentMonochro   = ½Ø¯ÄºØÒ°¼®Ý
;CounterMonochro    = ŽóŒõ½Ø¯Ä
;Attachment         = XY-STAGE
;Filter             = 
;SlitName0          = S1 10*1
;SlitName1          = S2 2*0.05
;SlitName2          = ATT 
;SlitName3          = RS 2*0.1
;SlitName4          = GS nothing
;Counter            = SC-70
;KAlpha1            = 1.5403
;KAlpha2            = 1.5434
;KBata              = 0
;Target             = Cu
;KV                 = 50
;mA                 = 300
;AxisName           = 2Theta/Omega
;MeasurementMethod = Continuation
;Start              = 0.2
;Finish             = 6
;Speed              = 2
;FixedTime          = 
;Width              = 0.004
;FullScale         = 1e+07
;Comment            = 0.35
;SampleName         = 
;Xunit              = deg.
;Yunit              = CPS
0.2000 456324.4
0.2040 482583.3
0.2080 475954.3
0.2120 499353.4
0.2160 485555.2
0.2200 522921.6
0.2240 526790.0
0.2280 537145.8
0.2320 551782.3
0.2360 548870.7
0.2400 558694.6
0.2440 551774.9
0.2480 552277.1
0.2520 580426.4
0.2560 565396.5
0.2600 575446.8
0.2640 568743.8
0.2680 583841.2
0.2720 599446.2
0.2760 590701.8
0.2800 596199.4
0.2840 605315.1
0.2880 617798.0
0.2920 639659.8
0.2960 637322.2
0.3000 638048.6
0.3040 641598.8
0.3080 650738.7
0.3120 662982.7
0.3160 662303.9
0.3200 653269.8
0.3240 669939.4
0.3280 679323.5
0.3320 663725.9
0.3360 688432.8
0.3400 694776.2
0.3440 695035.3
0.3480 699111.0
0.3520 710626.6
0.3560 717257.6
0.3600 716420.2
0.3640 726494.8
0.3680 743334.6
0.3720 747423.0
0.3760 768143.0
0.3800 779936.6
0.3840 776025.8
0.3880 792548.5
0.3920 791064.1
0.3960 812166.8
0.4000 820362.6
0.4040 807481.1
0.4080 823965.7
0.4120 841620.7
0.4160 834178.8
0.4200 841492.8
0.4240 842745.6
0.4280 857928.8
0.4320 866420.6
0.4360 860753.8
0.4400 857808.2
0.4440 896381.9
0.4480 912483.9
0.4520 902341.7
0.4560 918646.6
0.4600 920692.3
0.4640 923362.9
0.4680 921211.4
0.4720 952546.2
0.4760 928657.6
0.4800 941187.1
0.4840 960368.8
0.4880 959854.9
0.4920 996595.4
0.4960 972442.6
0.5000 984709.8
0.5040 968008.4
0.5080 997216.0
0.5120 1002894.5
0.5160 985053.4
0.5200 1019030.2
0.5240 1000341.2
0.5280 1015349.9
0.5320 1034678.6
0.5360 1030589.1
0.5400 1031856.8
0.5440 1045254.2
0.5480 1052293.4
0.5520 1062540.2
0.5560 1047068.4
0.5600 1058116.8
0.5640 1052108.4
0.5680 1057933.8
0.5720 1073170.9
0.5760 1087071.6
0.5800 1095674.4
0.5840 1060978.6
0.5880 1068243.0
0.5920 1096392.2
0.5960 1079666.6
0.6000 1062679.8
0.6040 1089599.5
0.6080 1081709.2
0.6120 1070137.6
0.6160 1122221.9
0.6200 1063215.8
0.6240 1080220.6
0.6280 1074090.6
0.6320 1100003.9
0.6360 1101996.8
0.6400 1091772.1
0.6440 1058082.9
0.6480 1072353.6
0.6520 1051801.8
0.6560 1074248.2
0.6600 1065663.4
0.6640 1045294.4
0.6680 1052740.6
0.6720 1041254.6
0.6760 1045853.7
0.6800 1003963.4
0.6840 1020211.2
0.6880 1007983.0
0.6920 989492.8
0.6960 978714.1
0.7000 983759.3
0.7040 947451.3
0.7080 931669.8
0.7120 912064.1
0.7160 899440.6
0.7200 883597.7
0.7240 858880.3
0.7280 831015.4
0.7320 814821.6
0.7360 790327.2
0.7400 763405.4
0.7440 762205.5
0.7480 707322.6
0.7520 667958.1
0.7560 655864.2
0.7600 634828.1
0.7640 595620.1
0.7680 578947.2
0.7720 550836.1
0.7760 515275.5
0.7800 478723.3
0.7840 462608.7
0.7880 424083.6
0.7920 407092.6
0.7960 387380.2
0.8000 361214.3
0.8040 359311.2
0.8080 335691.2
0.8120 341120.0
0.8160 316339.2
0.8200 302413.5
0.8240 287618.1
0.8280 280447.8
0.8320 256937.5
0.8360 252189.3
0.8400 238781.3
0.8440 226868.0
0.8480 217671.8
0.8520 209551.1
0.8560 200266.9
0.8600 191098.0
0.8640 179740.5
0.8680 173823.5
0.8720 165742.1
0.8760 157504.4
0.8800 152713.2
0.8840 145643.4
0.8880 142811.1
0.8920 135995.4
0.8960 129638.7
0.9000 124706.2
0.9040 119016.3
0.9080 113888.6
0.9120 112227.9
0.9160 109157.2
0.9200 101744.7
0.9240 100628.8
0.9280 92980.0
0.9320 88747.8
0.9360 86885.9
0.9400 82739.2
0.9440 79951.5
0.9480 80855.9
0.9520 77887.5
0.9560 73322.5
0.9600 71332.5
0.9640 70705.8
0.9680 68384.2
0.9720 65398.7
0.9760 63305.0
0.9800 60285.6
0.9840 56878.4
0.9880 54028.4
0.9920 52129.7
0.9960 49269.7
1.0000 47578.0
1.0040 46328.7
1.0080 45392.3
1.0120 44182.4
1.0160 43474.5
1.0200 42768.2
1.0240 41237.0
1.0280 39845.6
1.0320 39393.1
1.0360 38362.9
1.0400 35607.6
1.0440 34255.7
1.0480 33415.2
1.0520 30111.8
1.0560 30358.8
1.0600 28008.9
1.0640 27191.2
1.0680 26363.7
1.0720 25434.0
1.0760 25211.4
1.0800 25366.5
1.0840 24767.7
1.0880 24502.4
1.0920 24661.5
1.0960 25352.0
1.1000 22605.3
1.1040 22466.8
1.1080 20718.8
1.1120 20427.3
1.1160 18536.2
1.1200 17518.9
1.1240 16528.3
1.1280 15577.4
1.1320 14719.8
1.1360 14177.8
1.1400 13509.8
1.1440 13670.9
1.1480 13277.9
1.1520 13664.6
1.1560 13355.1
1.1600 15018.5
1.1640 13895.2
1.1680 13406.7
1.1720 12756.1
1.1760 11988.1
1.1800 11065.1
1.1840 10981.9
1.1880 10333.7
1.1920 8990.0
1.1960 7557.8
1.2000 7583.6
1.2040 7262.3
1.2080 7024.6
1.2120 6678.7
1.2160 7388.9
1.2200 7075.8
1.2240 7151.7
1.2280 7540.6
1.2320 7565.9
1.2360 7566.5
1.2400 8210.5
1.2440 7786.9
1.2480 7414.1
1.2520 6543.4
1.2560 6543.4
1.2600 5674.8
1.2640 4773.2
1.2680 4630.0
1.2720 4218.3
1.2760 3831.7
1.2800 3596.4
1.2840 3286.0
1.2880 3344.7
1.2920 3327.9
1.2960 3671.9
1.3000 3697.3
1.3040 4411.4
1.3080 4327.4
1.3120 4285.2
1.3160 4462.0
1.3200 4083.7
1.3240 4058.5
1.3280 3781.1
1.3320 3193.6
1.3360 3160.2
1.3400 2506.3
1.3440 2280.2
1.3480 1736.4
1.3520 1736.4
1.3560 1285.0
1.3600 1468.9
1.3640 1226.6
1.3680 1385.3
1.3720 1427.1
1.3760 1795.0
1.3800 2112.9
1.3840 2020.8
1.3880 2238.5
1.3920 2062.6
1.3960 2188.1
1.4000 1945.5
1.4040 2079.4
1.4080 1845.1
1.4120 1627.7
1.4160 1234.9
1.4200 1151.4
1.4240 950.9
1.4280 617.1
1.4320 633.7
1.4360 416.9
1.4400 575.3
1.4440 542.0
1.4480 658.8
1.4520 617.1
1.4560 792.3
1.4600 950.9
1.4640 950.9
1.4680 976.0
1.4720 1184.8
1.4760 1143.0
1.4800 1151.3
1.4840 959.3
1.4880 859.1
1.4920 667.1
1.4960 708.8
1.5000 475.2
1.5040 416.8
1.5080 216.7
1.5120 216.7
1.5160 225.1
1.5200 108.3
1.5240 150.0
1.5280 233.4
1.5320 266.7
1.5360 233.4
1.5400 433.5
1.5440 516.9
1.5480 592.0
1.5520 625.4
1.5560 592.0
1.5600 542.0
1.5640 483.6
1.5680 491.9
1.5720 316.8
1.5760 441.9
1.5800 341.8
1.5840 266.7
1.5880 125.0
1.5920 125.0
1.5960 83.3
1.6000 83.3
1.6040 16.7
1.6080 58.3
1.6120 75.0
1.6160 83.3
1.6200 133.4
1.6240 150.0
1.6280 175.0
1.6320 191.7
1.6360 183.4
1.6400 325.1
1.6440 291.8
1.6480 258.4
1.6520 200.0
1.6560 175.0
1.6600 141.7
1.6640 150.0
1.6680 100.0
1.6720 100.0
1.6760 83.3
1.6800 25.0
1.6840 58.3
1.6880 41.7
1.6920 25.0
1.6960 8.3
1.7000 41.7
1.7040 66.7
1.7080 41.7
1.7120 108.3
1.7160 91.7
1.7200 183.4
1.7240 91.7
1.7280 100.0
1.7320 133.4
1.7360 108.3
1.7400 83.3
1.7440 58.3
1.7480 75.0
1.7520 33.3
1.7560 58.3
1.7600 58.3
1.7640 66.7
1.7680 50.0
1.7720 25.0
1.7760 50.0
1.7800 0.0
1.7840 16.7
1.7880 41.7
1.7920 66.7
1.7960 50.0
1.8000 50.0
1.8040 58.3
1.8080 66.7
1.8120 75.0
1.8160 50.0
1.8200 25.0
1.8240 16.7
1.8280 25.0
1.8320 33.3
1.8360 41.7
1.8400 75.0
1.8440 41.7
1.8480 58.3
1.8520 25.0
1.8560 33.3
1.8600 16.7
1.8640 25.0
1.8680 16.7
1.8720 33.3
1.8760 33.3
1.8800 41.7
1.8840 50.0
1.8880 16.7
1.8920 25.0
1.8960 16.7
1.9000 33.3
1.9040 25.0
1.9080 25.0
1.9120 33.3
1.9160 16.7
1.9200 25.0
1.9240 50.0
1.9280 66.7
1.9320 33.3
1.9360 8.3
1.9400 41.7
1.9440 58.3
1.9480 25.0
1.9520 8.3
1.9560 25.0
1.9600 16.7
1.9640 16.7
1.9680 41.7
1.9720 8.3
1.9760 16.7
1.9800 25.0
1.9840 0.0
1.9880 25.0
1.9920 8.3
1.9960 16.7
2.0000 25.0
2.0040 8.3
2.0080 16.7
2.0120 16.7
2.0160 33.3
2.0200 16.7
2.0240 16.7
2.0280 8.3
2.0320 16.7
2.0360 33.3
2.0400 16.7
2.0440 33.3
2.0480 41.7
2.0520 16.7
2.0560 8.3
2.0600 41.7
2.0640 0.0
2.0680 0.0
2.0720 8.3
2.0760 16.7
2.0800 16.7
2.0840 16.7
2.0880 8.3
2.0920 16.7
2.0960 33.3
2.1000 33.3
2.1040 8.3
2.1080 0.0
2.1120 16.7
2.1160 25.0
2.1200 16.7
2.1240 25.0
2.1280 0.0
2.1320 16.7
2.1360 33.3
2.1400 8.3
2.1440 8.3
2.1480 8.3
2.1520 0.0
2.1560 8.3
2.1600 0.0
2.1640 0.0
2.1680 8.3
2.1720 0.0
2.1760 16.7
2.1800 8.3
2.1840 8.3
2.1880 0.0
2.1920 8.3
2.1960 0.0
2.2000 25.0
2.2040 8.3
2.2080 16.7
2.2120 8.3
2.2160 16.7
2.2200 8.3
2.2240 0.0
2.2280 25.0
2.2320 8.3
2.2360 8.3
2.2400 8.3
2.2440 8.3
2.2480 0.0
2.2520 8.3
2.2560 16.7
2.2600 8.3
2.2640 0.0
2.2680 8.3
2.2720 0.0
2.2760 0.0
2.2800 16.7
2.2840 33.3
2.2880 8.3
2.2920 0.0
2.2960 25.0
2.3000 0.0
2.3040 25.0
2.3080 25.0
2.3120 8.3
2.3160 8.3
2.3200 25.0
2.3240 8.3
2.3280 0.0
2.3320 8.3
2.3360 0.0
2.3400 0.0
2.3440 16.7
2.3480 0.0
2.3520 0.0
2.3560 8.3
2.3600 0.0
2.3640 0.0
2.3680 8.3
2.3720 8.3
2.3760 8.3
2.3800 0.0
2.3840 0.0
2.3880 8.3
2.3920 16.7
2.3960 8.3
2.4000 8.3
2.4040 0.0
2.4080 0.0
2.4120 8.3
2.4160 8.3
2.4200 8.3
2.4240 8.3
2.4280 0.0
2.4320 0.0
2.4360 16.7
2.4400 0.0
2.4440 0.0
2.4480 0.0
2.4520 25.0
2.4560 8.3
2.4600 0.0
2.4640 16.7
2.4680 25.0
2.4720 8.3
2.4760 8.3
2.4800 16.7
2.4840 8.3
2.4880 0.0
2.4920 8.3
2.4960 16.7
2.5000 25.0
2.5040 16.7
2.5080 8.3
2.5120 33.3
2.5160 8.3
2.5200 8.3
2.5240 8.3
2.5280 0.0
2.5320 0.0
2.5360 0.0
2.5400 0.0
2.5440 0.0
2.5480 0.0
2.5520 16.7
2.5560 0.0
2.5600 0.0
2.5640 8.3
2.5680 8.3
2.5720 16.7
2.5760 0.0
2.5800 8.3
2.5840 8.3
2.5880 8.3
2.5920 8.3
2.5960 16.7
2.6000 8.3
2.6040 0.0
2.6080 8.3
2.6120 0.0
2.6160 0.0
2.6200 8.3
2.6240 8.3
2.6280 0.0
2.6320 8.3
2.6360 16.7
2.6400 8.3
2.6440 8.3
2.6480 0.0
2.6520 0.0
2.6560 16.7
2.6600 16.7
2.6640 0.0
2.6680 25.0
2.6720 8.3
2.6760 8.3
2.6800 8.3
2.6840 8.3
2.6880 0.0
2.6920 16.7
2.6960 16.7
2.7000 0.0
2.7040 16.7
2.7080 8.3
2.7120 25.0
2.7160 16.7
2.7200 8.3
2.7240 8.3
2.7280 0.0
2.7320 0.0
2.7360 25.0
2.7400 33.3
2.7440 0.0
2.7480 0.0
2.7520 0.0
2.7560 0.0
2.7600 16.7
2.7640 0.0
2.7680 8.3
2.7720 16.7
2.7760 16.7
2.7800 8.3
2.7840 8.3
2.7880 8.3
2.7920 8.3
2.7960 0.0
2.8000 8.3
2.8040 8.3
2.8080 0.0
2.8120 0.0
2.8160 8.3
2.8200 0.0
2.8240 0.0
2.8280 8.3
2.8320 8.3
2.8360 0.0
2.8400 8.3
2.8440 0.0
2.8480 0.0
2.8520 8.3
2.8560 0.0
2.8600 0.0
2.8640 0.0
2.8680 0.0
2.8720 8.3
2.8760 16.7
2.8800 8.3
2.8840 8.3
2.8880 0.0
2.8920 8.3
2.8960 0.0
2.9000 0.0
2.9040 0.0
2.9080 0.0
2.9120 16.7
2.9160 16.7
2.9200 8.3
2.9240 0.0
2.9280 0.0
2.9320 8.3
2.9360 16.7
2.9400 8.3
2.9440 25.0
2.9480 8.3
2.9520 16.7
2.9560 8.3
2.9600 0.0
2.9640 8.3
2.9680 8.3
2.9720 16.7
2.9760 8.3
2.9800 0.0
2.9840 8.3
2.9880 8.3
2.9920 8.3
2.9960 8.3
3.0000 0.0
3.0040 8.3
3.0080 0.0
3.0120 0.0
3.0160 16.7
3.0200 0.0
3.0240 16.7
3.0280 0.0
3.0320 8.3
3.0360 0.0
3.0400 8.3
3.0440 0.0
3.0480 0.0
3.0520 0.0
3.0560 16.7
3.0600 8.3
3.0640 8.3
3.0680 8.3
3.0720 8.3
3.0760 8.3
3.0800 8.3
3.0840 0.0
3.0880 0.0
3.0920 16.7
3.0960 8.3
3.1000 0.0
3.1040 0.0
3.1080 0.0
3.1120 16.7
3.1160 16.7
3.1200 8.3
3.1240 0.0
3.1280 0.0
3.1320 8.3
3.1360 0.0
3.1400 0.0
3.1440 16.7
3.1480 8.3
3.1520 8.3
3.1560 8.3
3.1600 8.3
3.1640 8.3
3.1680 0.0
3.1720 0.0
3.1760 8.3
3.1800 8.3
3.1840 8.3
3.1880 0.0
3.1920 0.0
3.1960 0.0
3.2000 8.3
3.2040 8.3
3.2080 0.0
3.2120 8.3
3.2160 0.0
3.2200 0.0
3.2240 0.0
3.2280 0.0
3.2320 0.0
3.2360 0.0
3.2400 8.3
3.2440 8.3
3.2480 0.0
3.2520 0.0
3.2560 16.7
3.2600 0.0
3.2640 0.0
3.2680 0.0
3.2720 8.3
3.2760 0.0
3.2800 8.3
3.2840 16.7
3.2880 0.0
3.2920 0.0
3.2960 16.7
3.3000 8.3
3.3040 0.0
3.3080 0.0
3.3120 16.7
3.3160 16.7
3.3200 16.7
3.3240 8.3
3.3280 0.0
3.3320 8.3
3.3360 0.0
3.3400 0.0
3.3440 0.0
3.3480 8.3
3.3520 16.7
3.3560 8.3
3.3600 8.3
3.3640 16.7
3.3680 8.3
3.3720 8.3
3.3760 8.3
3.3800 16.7
3.3840 0.0
3.3880 0.0
3.3920 0.0
3.3960 8.3
3.4000 0.0
3.4040 8.3
3.4080 0.0
3.4120 0.0
3.4160 8.3
3.4200 8.3
3.4240 8.3
3.4280 8.3
3.4320 8.3
3.4360 0.0
3.4400 0.0
3.4440 0.0
3.4480 0.0
3.4520 0.0
3.4560 8.3
3.4600 8.3
3.4640 8.3
3.4680 0.0
3.4720 8.3
3.4760 0.0
3.4800 0.0
3.4840 0.0
3.4880 0.0
3.4920 16.7
3.4960 0.0
3.5000 0.0
3.5040 8.3
3.5080 0.0
3.5120 8.3
3.5160 0.0
3.5200 8.3
3.5240 0.0
3.5280 8.3
3.5320 8.3
3.5360 0.0
3.5400 0.0
3.5440 0.0
3.5480 0.0
3.5520 16.7
3.5560 0.0
3.5600 0.0
3.5640 0.0
3.5680 8.3
3.5720 8.3
3.5760 8.3
3.5800 0.0
3.5840 0.0
3.5880 8.3
3.5920 16.7
3.5960 8.3
3.6000 16.7
3.6040 25.0
3.6080 16.7
3.6120 0.0
3.6160 8.3
3.6200 8.3
3.6240 0.0
3.6280 16.7
3.6320 0.0
3.6360 0.0
3.6400 16.7
3.6440 0.0
3.6480 0.0
3.6520 0.0
3.6560 0.0
3.6600 8.3
3.6640 0.0
3.6680 0.0
3.6720 0.0
3.6760 0.0
3.6800 0.0
3.6840 8.3
3.6880 8.3
3.6920 0.0
3.6960 0.0
3.7000 0.0
3.7040 8.3
3.7080 8.3
3.7120 0.0
3.7160 0.0
3.7200 0.0
3.7240 0.0
3.7280 0.0
3.7320 8.3
3.7360 16.7
3.7400 0.0
3.7440 8.3
3.7480 16.7
3.7520 8.3
3.7560 8.3
3.7600 8.3
3.7640 0.0
3.7680 0.0
3.7720 0.0
3.7760 0.0
3.7800 0.0
3.7840 8.3
3.7880 25.0
3.7920 8.3
3.7960 8.3
3.8000 0.0
3.8040 0.0
3.8080 8.3
3.8120 0.0
3.8160 0.0
3.8200 8.3
3.8240 25.0
3.8280 8.3
3.8320 0.0
3.8360 16.7
3.8400 0.0
3.8440 0.0
3.8480 0.0
3.8520 0.0
3.8560 0.0
3.8600 16.7
3.8640 0.0
3.8680 0.0
3.8720 0.0
3.8760 8.3
3.8800 0.0
3.8840 16.7
3.8880 0.0
3.8920 0.0
3.8960 8.3
3.9000 0.0
3.9040 8.3
3.9080 0.0
3.9120 0.0
3.9160 0.0
3.9200 8.3
3.9240 0.0
3.9280 0.0
3.9320 8.3
3.9360 0.0
3.9400 0.0
3.9440 0.0
3.9480 8.3
3.9520 0.0
3.9560 8.3
3.9600 0.0
3.9640 0.0
3.9680 0.0
3.9720 8.3
3.9760 0.0
3.9800 0.0
3.9840 0.0
3.9880 0.0
3.9920 0.0
3.9960 0.0
4.0000 0.0
4.0040 0.0
4.0080 0.0
4.0120 8.3
4.0160 8.3
4.0200 0.0
4.0240 0.0
4.0280 0.0
4.0320 8.3
4.0360 0.0
4.0400 0.0
4.0440 8.3
4.0480 0.0
4.0520 8.3
4.0560 16.7
4.0600 16.7
4.0640 0.0
4.0680 16.7
4.0720 0.0
4.0760 16.7
4.0800 16.7
4.0840 0.0
4.0880 8.3
4.0920 8.3
4.0960 0.0
4.1000 8.3
4.1040 8.3
4.1080 0.0
4.1120 8.3
4.1160 0.0
4.1200 0.0
4.1240 0.0
4.1280 8.3
4.1320 0.0
4.1360 0.0
4.1400 0.0
4.1440 8.3
4.1480 8.3
4.1520 0.0
4.1560 0.0
4.1600 16.7
4.1640 8.3
4.1680 0.0
4.1720 0.0
4.1760 0.0
4.1800 8.3
4.1840 0.0
4.1880 0.0
4.1920 0.0
4.1960 0.0
4.2000 8.3
4.2040 0.0
4.2080 0.0
4.2120 8.3
4.2160 8.3
4.2200 8.3
4.2240 0.0
4.2280 0.0
4.2320 8.3
4.2360 0.0
4.2400 0.0
4.2440 8.3
4.2480 0.0
4.2520 0.0
4.2560 0.0
4.2600 8.3
4.2640 0.0
4.2680 8.3
4.2720 0.0
4.2760 8.3
4.2800 0.0
4.2840 0.0
4.2880 0.0
4.2920 0.0
4.2960 0.0
4.3000 0.0
4.3040 0.0
4.3080 0.0
4.3120 25.0
4.3160 0.0
4.3200 0.0
4.3240 16.7
4.3280 0.0
4.3320 0.0
4.3360 0.0
4.3400 8.3
4.3440 8.3
4.3480 8.3
4.3520 0.0
4.3560 0.0
4.3600 8.3
4.3640 8.3
4.3680 0.0
4.3720 0.0
4.3760 0.0
4.3800 0.0
4.3840 16.7
4.3880 8.3
4.3920 8.3
4.3960 0.0
4.4000 0.0
4.4040 0.0
4.4080 8.3
4.4120 8.3
4.4160 8.3
4.4200 0.0
4.4240 8.3
4.4280 8.3
4.4320 0.0
4.4360 8.3
4.4400 0.0
4.4440 0.0
4.4480 8.3
4.4520 8.3
4.4560 16.7
4.4600 8.3
4.4640 0.0
4.4680 0.0
4.4720 25.0
4.4760 0.0
4.4800 16.7
4.4840 0.0
4.4880 8.3
4.4920 0.0
4.4960 8.3
4.5000 0.0
4.5040 0.0
4.5080 0.0
4.5120 0.0
4.5160 8.3
4.5200 8.3
4.5240 0.0
4.5280 25.0
4.5320 8.3
4.5360 8.3
4.5400 0.0
4.5440 16.7
4.5480 0.0
4.5520 8.3
4.5560 25.0
4.5600 0.0
4.5640 8.3
4.5680 8.3
4.5720 8.3
4.5760 8.3
4.5800 0.0
4.5840 0.0
4.5880 8.3
4.5920 0.0
4.5960 16.7
4.6000 8.3
4.6040 16.7
4.6080 8.3
4.6120 0.0
4.6160 0.0
4.6200 8.3
4.6240 8.3
4.6280 16.7
4.6320 0.0
4.6360 0.0
4.6400 0.0
4.6440 0.0
4.6480 0.0
4.6520 0.0
4.6560 0.0
4.6600 8.3
4.6640 25.0
4.6680 8.3
4.6720 0.0
4.6760 8.3
4.6800 0.0
4.6840 16.7
4.6880 0.0
4.6920 0.0
4.6960 8.3
4.7000 8.3
4.7040 0.0
4.7080 16.7
4.7120 0.0
4.7160 0.0
4.7200 8.3
4.7240 0.0
4.7280 0.0
4.7320 0.0
4.7360 0.0
4.7400 0.0
4.7440 8.3
4.7480 16.7
4.7520 0.0
4.7560 16.7
4.7600 8.3
4.7640 0.0
4.7680 0.0
4.7720 8.3
4.7760 0.0
4.7800 0.0
4.7840 8.3
4.7880 16.7
4.7920 16.7
4.7960 8.3
4.8000 0.0
4.8040 0.0
4.8080 8.3
4.8120 0.0
4.8160 25.0
4.8200 0.0
4.8240 8.3
4.8280 0.0
4.8320 0.0
4.8360 16.7
4.8400 50.0
4.8440 0.0
4.8480 8.3
4.8520 0.0
4.8560 0.0
4.8600 0.0
4.8640 8.3
4.8680 25.0
4.8720 8.3
4.8760 0.0
4.8800 8.3
4.8840 16.7
4.8880 16.7
4.8920 8.3
4.8960 0.0
4.9000 0.0
4.9040 0.0
4.9080 8.3
4.9120 8.3
4.9160 0.0
4.9200 8.3
4.9240 0.0
4.9280 8.3
4.9320 0.0
4.9360 8.3
4.9400 8.3
4.9440 0.0
4.9480 0.0
4.9520 0.0
4.9560 0.0
4.9600 0.0
4.9640 8.3
4.9680 0.0
4.9720 16.7
4.9760 0.0
4.9800 8.3
4.9840 0.0
4.9880 0.0
4.9920 8.3
4.9960 0.0
5.0000 0.0
5.0040 8.3
5.0080 0.0
5.0120 8.3
5.0160 8.3
5.0200 8.3
5.0240 8.3
5.0280 8.3
5.0320 8.3
5.0360 0.0
5.0400 0.0
5.0440 8.3
5.0480 0.0
5.0520 0.0
5.0560 0.0
5.0600 0.0
5.0640 0.0
5.0680 0.0
5.0720 16.7
5.0760 0.0
5.0800 0.0
5.0840 0.0
5.0880 8.3
5.0920 8.3
5.0960 0.0
5.1000 0.0
5.1040 0.0
5.1080 0.0
5.1120 8.3
5.1160 0.0
5.1200 0.0
5.1240 8.3
5.1280 0.0
5.1320 0.0
5.1360 0.0
5.1400 8.3
5.1440 0.0
5.1480 0.0
5.1520 8.3
5.1560 0.0
5.1600 0.0
5.1640 0.0
5.1680 0.0
5.1720 0.0
5.1760 0.0
5.1800 0.0
5.1840 0.0
5.1880 0.0
5.1920 16.7
5.1960 0.0
5.2000 8.3
5.2040 8.3
5.2080 0.0
5.2120 8.3
5.2160 0.0
5.2200 8.3
5.2240 0.0
5.2280 8.3
5.2320 0.0
5.2360 0.0
5.2400 0.0
5.2440 8.3
5.2480 0.0
5.2520 0.0
5.2560 16.7
5.2600 8.3
5.2640 0.0
5.2680 0.0
5.2720 0.0
5.2760 8.3
5.2800 0.0
5.2840 0.0
5.2880 0.0
5.2920 8.3
5.2960 8.3
5.3000 8.3
5.3040 8.3
5.3080 0.0
5.3120 0.0
5.3160 0.0
5.3200 0.0
5.3240 16.7
5.3280 0.0
5.3320 8.3
5.3360 0.0
5.3400 0.0
5.3440 0.0
5.3480 0.0
5.3520 0.0
5.3560 8.3
5.3600 8.3
5.3640 0.0
5.3680 8.3
5.3720 0.0
5.3760 0.0
5.3800 0.0
5.3840 0.0
5.3880 16.7
5.3920 0.0
5.3960 0.0
5.4000 0.0
5.4040 0.0
5.4080 0.0
5.4120 0.0
5.4160 0.0
5.4200 0.0
5.4240 0.0
5.4280 0.0
5.4320 8.3
5.4360 0.0
5.4400 0.0
5.4440 8.3
5.4480 0.0
5.4520 0.0
5.4560 0.0
5.4600 0.0
5.4640 0.0
5.4680 0.0
5.4720 0.0
5.4760 0.0
5.4800 8.3
5.4840 8.3
5.4880 0.0
5.4920 0.0
5.4960 0.0
5.5000 0.0
5.5040 0.0
5.5080 0.0
5.5120 0.0
5.5160 8.3
5.5200 0.0
5.5240 8.3
5.5280 0.0
5.5320 8.3
5.5360 8.3
5.5400 0.0
5.5440 8.3
5.5480 0.0
5.5520 0.0
5.5560 0.0
5.5600 0.0
5.5640 0.0
5.5680 0.0
5.5720 0.0
5.5760 0.0
5.5800 0.0
5.5840 0.0
5.5880 8.3
5.5920 0.0
5.5960 8.3
5.6000 16.7
5.6040 0.0
5.6080 0.0
5.6120 0.0
5.6160 0.0
5.6200 0.0
5.6240 0.0
5.6280 8.3
5.6320 8.3
5.6360 0.0
5.6400 8.3
5.6440 16.7
5.6480 0.0
5.6520 8.3
5.6560 0.0
5.6600 0.0
5.6640 0.0
5.6680 8.3
5.6720 8.3
5.6760 0.0
5.6800 0.0
5.6840 0.0
5.6880 0.0
5.6920 0.0
5.6960 0.0
5.7000 0.0
5.7040 0.0
5.7080 8.3
5.7120 8.3
5.7160 0.0
5.7200 0.0
5.7240 8.3
5.7280 16.7
5.7320 0.0
5.7360 0.0
5.7400 0.0
5.7440 8.3
5.7480 25.0
5.7520 0.0
5.7560 0.0
5.7600 0.0
5.7640 0.0
5.7680 8.3
5.7720 8.3
5.7760 0.0
5.7800 8.3
5.7840 8.3
5.7880 0.0
5.7920 0.0
5.7960 0.0
5.8000 0.0
5.8040 16.7
5.8080 0.0
5.8120 0.0
5.8160 0.0
5.8200 0.0
5.8240 0.0
5.8280 0.0
5.8320 0.0
5.8360 0.0
5.8400 0.0
5.8440 8.3
5.8480 8.3
5.8520 0.0
5.8560 0.0
5.8600 0.0
5.8640 0.0
5.8680 8.3
5.8720 0.0
5.8760 8.3
5.8800 0.0
5.8840 0.0
5.8880 0.0
5.8920 0.0
5.8960 0.0
5.9000 0.0
5.9040 8.3
5.9080 0.0
5.9120 0.0
5.9160 0.0
5.9200 8.3
5.9240 0.0
5.9280 0.0
5.9320 0.0
5.9360 0.0
5.9400 8.3
5.9440 0.0
5.9480 8.3
5.9520 8.3
5.9560 0.0
5.9600 0.0
5.9640 0.0
5.9680 0.0
5.9720 0.0
5.9760 0.0
5.9800 0.0
5.9840 25.0
5.9880 0.0
5.9920 0.0
5.9960 8.3
6.0000 0.0
