;Bundle             = 1
;Partition          = 1
;Operator           = 
;Gonio              = ATX-G
;Memo               = 
;IncidentMonochro   = ½Ø¯ÄºØÒ°¼®Ý
;CounterMonochro    = ŽóŒõ½Ø¯Ä
;Attachment         = XY-STAGE
;Filter             = 
;SlitName0          = S1 10*1
;SlitName1          = S2 5*0.05
;SlitName2          = ATT 
;SlitName3          = RS 5*0.1
;SlitName4          = GS nothing
;Counter            = SC-70
;KAlpha1            = 1.5403
;KAlpha2            = 1.5434
;KBata              = 0
;Target             = Cu
;KV                 = 50
;mA                 = 300
;AxisName           = 2Theta/Omega
;MeasurementMethod = Continuation
;Start              = 0.2
;Finish             = 6
;Speed              = 2
;FixedTime          = 
;Width              = 0.002
;FullScale         = 1e+07
;Comment            = 
;SampleName         = 
;Xunit              = deg.
;Yunit              = CPS
0.2000 693658.8
0.2020 708001.4
0.2040 703572.6
0.2060 732558.1
0.2080 744347.5
0.2100 734681.1
0.2120 733879.7
0.2140 764088.4
0.2160 766087.7
0.2180 789437.1
0.2200 774439.9
0.2220 800279.1
0.2240 794377.6
0.2260 804096.8
0.2280 828169.3
0.2300 842213.8
0.2320 880589.8
0.2340 904390.6
0.2360 900724.1
0.2380 963158.9
0.2400 1000272.5
0.2420 1040394.1
0.2440 1052064.0
0.2460 1090857.6
0.2480 1069279.1
0.2500 1097696.9
0.2520 1134335.9
0.2540 1085087.1
0.2560 1114925.9
0.2580 1166368.4
0.2600 1159683.4
0.2620 1132647.5
0.2640 1165014.0
0.2660 1209786.4
0.2680 1209191.2
0.2700 1248855.0
0.2720 1233924.5
0.2740 1265234.9
0.2760 1328934.1
0.2780 1320753.1
0.2800 1336993.5
0.2820 1343637.2
0.2840 1318964.2
0.2860 1350862.5
0.2880 1346572.2
0.2900 1381235.1
0.2920 1360429.6
0.2940 1341497.4
0.2960 1421024.8
0.2980 1403128.6
0.3000 1354935.0
0.3020 1417456.5
0.3040 1429137.0
0.3060 1370476.6
0.3080 1386561.6
0.3100 1409515.5
0.3120 1433381.9
0.3140 1441323.9
0.3160 1429432.0
0.3180 1398470.4
0.3200 1450008.1
0.3220 1459852.1
0.3240 1459261.1
0.3260 1459162.9
0.3280 1440716.0
0.3300 1420251.9
0.3320 1427552.1
0.3340 1401855.8
0.3360 1442915.0
0.3380 1443136.0
0.3400 1444473.4
0.3420 1456941.6
0.3440 1456731.1
0.3460 1484522.0
0.3480 1450951.2
0.3500 1463033.5
0.3520 1483925.8
0.3540 1523994.4
0.3560 1471808.6
0.3580 1482735.2
0.3600 1499132.1
0.3620 1477197.4
0.3640 1509463.6
0.3660 1514204.2
0.3680 1493174.5
0.3700 1532545.4
0.3720 1525641.6
0.3740 1519005.2
0.3760 1552382.6
0.3780 1579803.4
0.3800 1547597.5
0.3820 1571876.1
0.3840 1606020.0
0.3860 1586882.8
0.3880 1541639.9
0.3900 1575299.5
0.3920 1591401.4
0.3940 1592839.2
0.3960 1616291.1
0.3980 1560715.9
0.4000 1575867.2
0.4020 1561517.2
0.4040 1596368.4
0.4060 1574331.1
0.4080 1599180.6
0.4100 1598389.9
0.4120 1609008.9
0.4140 1559882.8
0.4160 1593386.9
0.4180 1575308.0
0.4200 1558142.5
0.4220 1556705.6
0.4240 1539865.9
0.4260 1542783.9
0.4280 1542184.4
0.4300 1539891.2
0.4320 1517715.4
0.4340 1575336.5
0.4360 1541895.8
0.4380 1545628.9
0.4400 1502340.9
0.4420 1560611.1
0.4440 1550229.0
0.4460 1518972.5
0.4480 1521205.4
0.4500 1547747.6
0.4520 1518080.1
0.4540 1508300.6
0.4560 1521913.8
0.4580 1526489.5
0.4600 1545162.6
0.4620 1489856.9
0.4640 1514176.8
0.4660 1469165.5
0.4680 1516105.2
0.4700 1513349.0
0.4720 1522216.1
0.4740 1519496.9
0.4760 1506408.1
0.4780 1535572.4
0.4800 1528557.5
0.4820 1492865.9
0.4840 1520431.5
0.4860 1499846.9
0.4880 1506074.0
0.4900 1534100.6
0.4920 1550347.4
0.4940 1507788.9
0.4960 1540418.8
0.4980 1509207.8
0.5000 1574662.0
0.5020 1558359.2
0.5040 1563726.9
0.5060 1520925.2
0.5080 1540224.2
0.5100 1553984.4
0.5120 1543550.4
0.5140 1573428.1
0.5160 1513380.6
0.5180 1523393.9
0.5200 1544925.8
0.5220 1562865.2
0.5240 1524912.1
0.5260 1506226.2
0.5280 1496976.4
0.5300 1592600.4
0.5320 1590000.5
0.5340 1571175.1
0.5360 1524121.2
0.5380 1567946.4
0.5400 1596916.0
0.5420 1566529.6
0.5440 1612077.0
0.5460 1583852.6
0.5480 1591471.1
0.5500 1594894.5
0.5520 1603700.4
0.5540 1620208.2
0.5560 1596947.8
0.5580 1652924.9
0.5600 1617935.1
0.5620 1612374.0
0.5640 1648164.0
0.5660 1604555.8
0.5680 1616173.8
0.5700 1619063.2
0.5720 1607373.2
0.5740 1603875.9
0.5760 1613924.0
0.5780 1623500.5
0.5800 1631626.5
0.5820 1618270.4
0.5840 1622396.8
0.5860 1559792.9
0.5880 1618308.4
0.5900 1602647.4
0.5920 1621410.4
0.5940 1613004.1
0.5960 1569444.5
0.5980 1587364.9
0.6000 1585345.5
0.6020 1551682.6
0.6040 1572953.5
0.6060 1553230.5
0.6080 1586373.1
0.6100 1567887.1
0.6120 1569377.9
0.6140 1635366.0
0.6160 1618713.2
0.6180 1615385.1
0.6200 1641261.2
0.6220 1609226.6
0.6240 1609374.6
0.6260 1620970.5
0.6280 1617680.4
0.6300 1581933.8
0.6320 1591744.0
0.6340 1550897.1
0.6360 1641738.1
0.6380 1561840.8
0.6400 1591366.5
0.6420 1556995.4
0.6440 1612077.0
0.6460 1577047.1
0.6480 1611392.9
0.6500 1557297.8
0.6520 1560658.8
0.6540 1546084.5
0.6560 1577935.2
0.6580 1526548.8
0.6600 1545958.8
0.6620 1529610.5
0.6640 1516341.0
0.6660 1591369.6
0.6680 1551081.1
0.6700 1469828.4
0.6720 1506538.1
0.6740 1526395.4
0.6760 1505168.0
0.6780 1508084.9
0.6800 1527049.9
0.6820 1531480.8
0.6840 1478890.0
0.6860 1466017.0
0.6880 1429738.5
0.6900 1444861.5
0.6920 1449196.1
0.6940 1437308.5
0.6960 1430833.9
0.6980 1388515.4
0.7000 1387682.2
0.7020 1447981.4
0.7040 1410548.5
0.7060 1388688.8
0.7080 1367890.6
0.7100 1332757.1
0.7120 1361200.2
0.7140 1335126.4
0.7160 1328904.5
0.7180 1294655.0
0.7200 1281998.6
0.7220 1274128.5
0.7240 1272017.1
0.7260 1255709.1
0.7280 1233754.2
0.7300 1220068.1
0.7320 1201727.0
0.7340 1180660.2
0.7360 1191718.0
0.7380 1128365.6
0.7400 1135141.5
0.7420 1129190.2
0.7440 1108504.1
0.7460 1093868.6
0.7480 1058557.6
0.7500 1047209.1
0.7520 1031265.8
0.7540 991496.3
0.7560 990993.1
0.7580 938799.8
0.7600 948632.2
0.7620 918095.8
0.7640 879988.2
0.7660 884537.6
0.7680 892172.0
0.7700 823244.7
0.7720 847848.9
0.7740 812535.8
0.7760 801610.2
0.7780 755837.7
0.7800 726454.6
0.7820 750800.9
0.7840 699374.2
0.7860 686583.6
0.7880 663998.7
0.7900 632532.9
0.7920 633575.3
0.7940 601247.8
0.7960 610884.6
0.7980 590515.7
0.8000 553339.6
0.8020 547652.7
0.8040 527606.2
0.8060 507945.6
0.8080 505182.0
0.8100 494720.5
0.8120 474990.1
0.8140 460897.0
0.8160 441238.5
0.8180 460359.9
0.8200 429097.1
0.8220 400269.1
0.8240 413306.0
0.8260 402086.5
0.8280 392482.4
0.8300 368624.6
0.8320 372551.2
0.8340 359134.7
0.8360 361381.3
0.8380 332949.8
0.8400 327852.8
0.8420 333393.1
0.8440 316238.2
0.8460 317737.4
0.8480 314570.0
0.8500 300204.8
0.8520 287226.6
0.8540 285868.2
0.8560 274626.3
0.8580 275111.0
0.8600 260568.2
0.8620 267149.8
0.8640 252584.6
0.8660 248659.1
0.8680 234054.9
0.8700 233585.8
0.8720 224788.9
0.8740 225830.8
0.8760 217750.0
0.8780 213376.2
0.8800 206507.7
0.8820 206268.6
0.8840 197303.7
0.8860 197565.5
0.8880 189535.7
0.8900 185531.9
0.8920 187355.8
0.8940 180360.8
0.8960 174482.0
0.8980 171450.6
0.9000 164808.8
0.9020 167573.7
0.9040 158843.1
0.9060 156976.2
0.9080 157859.2
0.9100 150377.1
0.9120 150950.4
0.9140 145611.0
0.9160 145203.7
0.9180 140031.9
0.9200 136417.3
0.9220 133003.5
0.9240 131681.6
0.9260 125988.4
0.9280 126620.0
0.9300 126217.7
0.9320 124714.7
0.9340 118019.0
0.9360 118369.4
0.9380 111791.6
0.9400 114537.3
0.9420 107799.5
0.9440 109581.2
0.9460 105322.7
0.9480 98840.7
0.9500 99409.7
0.9520 95512.1
0.9540 91426.9
0.9560 91464.3
0.9580 91325.5
0.9600 89853.5
0.9620 88659.1
0.9640 84747.5
0.9660 84070.3
0.9680 84472.4
0.9700 82002.0
0.9720 81758.1
0.9740 81919.3
0.9760 77321.0
0.9780 78834.0
0.9800 74824.6
0.9820 75117.5
0.9840 75609.5
0.9860 71287.3
0.9880 70618.5
0.9900 68966.0
0.9920 67073.0
0.9940 65730.7
0.9960 63337.0
0.9980 63500.7
1.0000 60169.3
1.0020 61428.8
1.0040 56856.6
1.0060 56960.6
1.0080 56174.5
1.0100 53593.1
1.0120 53711.4
1.0140 51829.6
1.0160 51763.1
1.0180 52472.2
1.0200 50604.9
1.0220 51475.3
1.0240 49239.8
1.0260 49367.6
1.0280 48007.4
1.0300 46244.7
1.0320 47155.5
1.0340 46854.1
1.0360 46714.9
1.0380 42972.3
1.0400 43271.8
1.0420 43898.8
1.0440 42411.3
1.0460 40540.6
1.0480 39955.6
1.0500 38159.5
1.0520 38379.0
1.0540 37942.1
1.0560 36750.4
1.0580 36692.7
1.0600 34396.8
1.0620 34044.4
1.0640 32541.1
1.0660 32566.9
1.0680 31706.9
1.0700 29101.5
1.0720 30218.1
1.0740 29962.2
1.0760 28698.6
1.0780 26685.5
1.0800 28094.4
1.0820 28372.3
1.0840 27791.2
1.0860 26380.5
1.0880 27652.1
1.0900 27493.0
1.0920 25788.6
1.0940 25768.4
1.0960 25523.5
1.0980 24694.6
1.1000 24750.2
1.1020 24574.5
1.1040 25240.1
1.1060 23059.8
1.1080 24030.2
1.1100 22684.4
1.1120 23189.5
1.1140 22563.1
1.1160 21432.7
1.1180 20924.2
1.1200 21707.5
1.1220 21030.7
1.1240 19899.8
1.1260 18755.3
1.1280 19879.3
1.1300 18164.5
1.1320 17134.5
1.1340 17285.4
1.1360 16715.3
1.1380 16786.6
1.1400 15062.8
1.1420 14548.4
1.1440 16199.0
1.1460 14085.2
1.1480 14599.1
1.1500 13843.9
1.1520 14479.5
1.1540 13827.3
1.1560 13775.2
1.1580 13176.2
1.1600 14134.7
1.1620 14083.5
1.1640 13159.1
1.1660 12696.9
1.1680 12868.2
1.1700 13278.9
1.1720 13501.5
1.1740 13741.8
1.1760 13295.3
1.1780 12954.6
1.1800 13501.7
1.1820 13226.6
1.1840 11893.4
1.1860 12627.2
1.1880 11363.3
1.1900 11313.1
1.1920 11056.7
1.1940 10852.6
1.1960 10426.7
1.1980 10682.4
1.2000 10035.5
1.2020 9899.3
1.2040 8863.0
1.2060 8998.9
1.2080 8370.8
1.2100 7710.8
1.2120 7473.3
1.2140 6982.7
1.2160 7693.6
1.2180 6966.0
1.2200 6915.6
1.2220 6966.6
1.2240 6492.6
1.2260 7168.6
1.2280 6881.3
1.2300 6442.2
1.2320 6189.1
1.2340 6627.9
1.2360 7084.3
1.2380 6847.3
1.2400 6915.6
1.2420 6847.1
1.2440 6678.7
1.2460 6712.9
1.2480 6070.8
1.2500 6796.4
1.2520 6898.6
1.2540 6425.5
1.2560 6864.5
1.2580 6542.8
1.2600 6577.4
1.2620 6459.2
1.2640 6323.6
1.2660 6120.9
1.2680 5379.4
1.2700 4874.2
1.2720 5194.5
1.2740 4874.1
1.2760 4958.2
1.2780 3949.2
1.2800 4369.5
1.2820 4285.3
1.2840 3881.9
1.2860 3680.5
1.2880 3411.7
1.2900 3445.3
1.2920 3395.0
1.2940 3160.3
1.2960 2858.3
1.2980 3327.9
1.3000 3093.3
1.3020 2673.9
1.3040 3311.3
1.3060 3059.6
1.3080 3210.4
1.3100 2908.5
1.3120 3311.2
1.3140 3277.9
1.3160 3344.8
1.3180 3512.6
1.3200 3294.4
1.3220 3512.5
1.3240 3479.1
1.3260 3176.9
1.3280 3797.8
1.3300 3898.8
1.3320 3747.7
1.3340 3227.3
1.3360 3294.5
1.3380 2958.9
1.3400 3160.0
1.3420 2891.7
1.3440 2908.8
1.3460 2657.0
1.3480 2389.2
1.3500 2305.4
1.3520 2188.2
1.3540 1937.1
1.3560 1886.9
1.3580 1569.2
1.3600 1602.7
1.3620 1853.5
1.3640 1652.8
1.3660 1602.6
1.3680 1468.8
1.3700 1234.9
1.3720 1268.3
1.3740 1351.9
1.3760 1118.0
1.3780 1168.0
1.3800 1151.3
1.3820 1402.0
1.3840 1268.3
1.3860 1251.6
1.3880 1201.5
1.3900 1268.4
1.3920 1485.6
1.3940 1669.5
1.3960 1569.2
1.3980 1619.4
1.4000 1669.5
1.4020 1535.7
1.4040 1853.4
1.4060 1719.7
1.4080 1953.8
1.4100 1669.6
1.4120 1636.1
1.4140 1619.5
1.4160 1636.1
1.4180 1719.7
1.4200 1586.0
1.4220 1184.8
1.4240 1268.3
1.4260 1268.3
1.4280 1402.0
1.4300 1268.3
1.4320 867.4
1.4340 1017.7
1.4360 800.7
1.4380 600.4
1.4400 633.7
1.4420 717.2
1.4440 450.2
1.4460 483.6
1.4480 383.5
1.4500 567.0
1.4520 416.8
1.4540 516.9
1.4560 316.8
1.4580 600.4
1.4600 450.2
1.4620 633.7
1.4640 466.9
1.4660 533.6
1.4680 483.6
1.4700 433.5
1.4720 617.1
1.4740 767.3
1.4760 917.5
1.4780 767.3
1.4800 750.6
1.4820 717.2
1.4840 800.6
1.4860 733.9
1.4880 667.1
1.4900 750.6
1.4920 900.8
1.4940 733.9
1.4960 800.6
1.4980 917.5
1.5000 567.0
1.5020 700.5
1.5040 600.4
1.5060 834.0
1.5080 550.3
1.5100 516.9
1.5120 433.5
1.5140 683.8
1.5160 366.8
1.5180 250.1
1.5200 266.7
1.5220 333.4
1.5240 283.4
1.5260 350.1
1.5280 233.4
1.5300 300.1
1.5320 216.7
1.5340 100.0
1.5360 183.4
1.5380 166.7
1.5400 83.3
1.5420 216.7
1.5440 150.0
1.5460 200.0
1.5480 150.0
1.5500 183.4
1.5520 300.1
1.5540 283.4
1.5560 266.7
1.5580 350.1
1.5600 250.1
1.5620 366.8
1.5640 483.6
1.5660 316.8
1.5680 550.3
1.5700 300.1
1.5720 500.3
1.5740 416.8
1.5760 350.1
1.5780 350.1
1.5800 333.4
1.5820 483.6
1.5840 500.3
1.5860 333.5
1.5880 233.4
1.5900 283.4
1.5920 350.1
1.5940 316.8
1.5960 250.1
1.5980 316.8
1.6000 250.1
1.6020 283.4
1.6040 133.4
1.6060 183.4
1.6080 200.0
1.6100 116.7
1.6120 150.0
1.6140 150.0
1.6160 133.4
1.6180 200.0
1.6200 50.0
1.6220 133.4
1.6240 66.7
1.6260 50.0
1.6280 116.7
1.6300 116.7
1.6320 100.0
1.6340 133.4
1.6360 116.7
1.6380 116.7
1.6400 150.0
1.6420 133.4
1.6440 200.0
1.6460 50.0
1.6480 233.4
1.6500 150.0
1.6520 200.0
1.6540 250.1
1.6560 200.0
1.6580 150.0
1.6600 200.0
1.6620 283.4
1.6640 300.1
1.6660 150.0
1.6680 216.7
1.6700 200.0
1.6720 200.0
1.6740 166.7
1.6760 133.4
1.6780 150.0
1.6800 66.7
1.6820 100.0
1.6840 50.0
1.6860 100.0
1.6880 83.3
1.6900 16.7
1.6920 66.7
1.6940 33.3
1.6960 83.3
1.6980 0.0
1.7000 33.3
1.7020 100.0
1.7040 33.3
1.7060 33.3
1.7080 83.3
1.7100 50.0
1.7120 200.0
1.7140 50.0
1.7160 83.3
1.7180 66.7
1.7200 83.3
1.7220 66.7
1.7240 200.0
1.7260 150.0
1.7280 133.4
1.7300 150.0
1.7320 116.7
1.7340 83.3
1.7360 216.7
1.7380 66.7
1.7400 183.4
1.7420 66.7
1.7440 150.0
1.7460 50.0
1.7480 33.3
1.7500 33.3
1.7520 183.4
1.7540 150.0
1.7560 100.0
1.7580 50.0
1.7600 133.4
1.7620 100.0
1.7640 50.0
1.7660 66.7
1.7680 83.3
1.7700 150.0
1.7720 66.7
1.7740 100.0
1.7760 133.4
1.7780 33.3
1.7800 100.0
1.7820 100.0
1.7840 100.0
1.7860 50.0
1.7880 116.7
1.7900 100.0
1.7920 16.7
1.7940 200.0
1.7960 50.0
1.7980 100.0
1.8000 150.0
1.8020 150.0
1.8040 133.4
1.8060 100.0
1.8080 133.4
1.8100 166.7
1.8120 100.0
1.8140 83.3
1.8160 116.7
1.8180 150.0
1.8200 133.4
1.8220 66.7
1.8240 33.3
1.8260 150.0
1.8280 116.7
1.8300 100.0
1.8320 66.7
1.8340 83.3
1.8360 50.0
1.8380 66.7
1.8400 66.7
1.8420 116.7
1.8440 100.0
1.8460 66.7
1.8480 66.7
1.8500 100.0
1.8520 83.3
1.8540 66.7
1.8560 100.0
1.8580 83.3
1.8600 66.7
1.8620 33.3
1.8640 100.0
1.8660 116.7
1.8680 116.7
1.8700 100.0
1.8720 66.7
1.8740 100.0
1.8760 116.7
1.8780 100.0
1.8800 50.0
1.8820 166.7
1.8840 83.3
1.8860 116.7
1.8880 166.7
1.8900 100.0
1.8920 166.7
1.8940 50.0
1.8960 116.7
1.8980 83.3
1.9000 66.7
1.9020 66.7
1.9040 133.4
1.9060 50.0
1.9080 83.3
1.9100 83.3
1.9120 33.3
1.9140 16.7
1.9160 33.3
1.9180 83.3
1.9200 33.3
1.9220 50.0
1.9240 0.0
1.9260 66.7
1.9280 83.3
1.9300 83.3
1.9320 33.3
1.9340 50.0
1.9360 83.3
1.9380 100.0
1.9400 50.0
1.9420 33.3
1.9440 33.3
1.9460 50.0
1.9480 66.7
1.9500 83.3
1.9520 66.7
1.9540 150.0
1.9560 133.4
1.9580 83.3
1.9600 83.3
1.9620 100.0
1.9640 183.4
1.9660 50.0
1.9680 66.7
1.9700 66.7
1.9720 183.4
1.9740 83.3
1.9760 50.0
1.9780 100.0
1.9800 33.3
1.9820 16.7
1.9840 66.7
1.9860 100.0
1.9880 16.7
1.9900 66.7
1.9920 66.7
1.9940 83.3
1.9960 66.7
1.9980 33.3
2.0000 50.0
2.0020 33.3
2.0040 33.3
2.0060 16.7
2.0080 16.7
2.0100 0.0
2.0120 50.0
2.0140 33.3
2.0160 100.0
2.0180 50.0
2.0200 16.7
2.0220 50.0
2.0240 50.0
2.0260 66.7
2.0280 16.7
2.0300 100.0
2.0320 50.0
2.0340 150.0
2.0360 100.0
2.0380 116.7
2.0400 83.3
2.0420 33.3
2.0440 116.7
2.0460 50.0
2.0480 100.0
2.0500 50.0
2.0520 100.0
2.0540 100.0
2.0560 133.4
2.0580 66.7
2.0600 100.0
2.0620 66.7
2.0640 66.7
2.0660 66.7
2.0680 83.3
2.0700 50.0
2.0720 100.0
2.0740 83.3
2.0760 116.7
2.0780 66.7
2.0800 50.0
2.0820 50.0
2.0840 33.3
2.0860 16.7
2.0880 50.0
2.0900 83.3
2.0920 16.7
2.0940 33.3
2.0960 16.7
2.0980 33.3
2.1000 16.7
2.1020 33.3
2.1040 50.0
2.1060 50.0
2.1080 33.3
2.1100 0.0
2.1120 0.0
2.1140 66.7
2.1160 50.0
2.1180 33.3
2.1200 83.3
2.1220 50.0
2.1240 66.7
2.1260 50.0
2.1280 16.7
2.1300 100.0
2.1320 116.7
2.1340 133.4
2.1360 116.7
2.1380 83.3
2.1400 83.3
2.1420 33.3
2.1440 100.0
2.1460 66.7
2.1480 83.3
2.1500 150.0
2.1520 100.0
2.1540 50.0
2.1560 133.4
2.1580 116.7
2.1600 150.0
2.1620 33.3
2.1640 116.7
2.1660 50.0
2.1680 50.0
2.1700 83.3
2.1720 83.3
2.1740 83.3
2.1760 16.7
2.1780 16.7
2.1800 50.0
2.1820 33.3
2.1840 16.7
2.1860 33.3
2.1880 66.7
2.1900 33.3
2.1920 66.7
2.1940 83.3
2.1960 0.0
2.1980 66.7
2.2000 66.7
2.2020 50.0
2.2040 50.0
2.2060 50.0
2.2080 16.7
2.2100 66.7
2.2120 66.7
2.2140 50.0
2.2160 33.3
2.2180 66.7
2.2200 16.7
2.2220 33.3
2.2240 116.7
2.2260 33.3
2.2280 50.0
2.2300 100.0
2.2320 83.3
2.2340 66.7
2.2360 66.7
2.2380 100.0
2.2400 116.7
2.2420 66.7
2.2440 66.7
2.2460 83.3
2.2480 50.0
2.2500 33.3
2.2520 66.7
2.2540 50.0
2.2560 66.7
2.2580 50.0
2.2600 66.7
2.2620 50.0
2.2640 66.7
2.2660 50.0
2.2680 16.7
2.2700 16.7
2.2720 50.0
2.2740 33.3
2.2760 33.3
2.2780 50.0
2.2800 33.3
2.2820 50.0
2.2840 0.0
2.2860 33.3
2.2880 16.7
2.2900 50.0
2.2920 16.7
2.2940 50.0
2.2960 33.3
2.2980 33.3
2.3000 66.7
2.3020 66.7
2.3040 0.0
2.3060 16.7
2.3080 66.7
2.3100 16.7
2.3120 100.0
2.3140 33.3
2.3160 133.4
2.3180 100.0
2.3200 50.0
2.3220 66.7
2.3240 50.0
2.3260 50.0
2.3280 50.0
2.3300 33.3
2.3320 66.7
2.3340 66.7
2.3360 116.7
2.3380 50.0
2.3400 66.7
2.3420 66.7
2.3440 66.7
2.3460 16.7
2.3480 83.3
2.3500 16.7
2.3520 83.3
2.3540 33.3
2.3560 66.7
2.3580 33.3
2.3600 33.3
2.3620 16.7
2.3640 33.3
2.3660 50.0
2.3680 0.0
2.3700 16.7
2.3720 50.0
2.3740 0.0
2.3760 0.0
2.3780 0.0
2.3800 0.0
2.3820 66.7
2.3840 16.7
2.3860 50.0
2.3880 83.3
2.3900 50.0
2.3920 116.7
2.3940 33.3
2.3960 33.3
2.3980 50.0
2.4000 66.7
2.4020 66.7
2.4040 66.7
2.4060 33.3
2.4080 16.7
2.4100 16.7
2.4120 83.3
2.4140 116.7
2.4160 66.7
2.4180 50.0
2.4200 83.3
2.4220 50.0
2.4240 16.7
2.4260 33.3
2.4280 16.7
2.4300 16.7
2.4320 100.0
2.4340 66.7
2.4360 33.3
2.4380 16.7
2.4400 50.0
2.4420 33.3
2.4440 0.0
2.4460 33.3
2.4480 16.7
2.4500 16.7
2.4520 50.0
2.4540 50.0
2.4560 16.7
2.4580 66.7
2.4600 0.0
2.4620 0.0
2.4640 50.0
2.4660 16.7
2.4680 0.0
2.4700 16.7
2.4720 16.7
2.4740 0.0
2.4760 33.3
2.4780 16.7
2.4800 33.3
2.4820 16.7
2.4840 100.0
2.4860 16.7
2.4880 0.0
2.4900 100.0
2.4920 83.3
2.4940 16.7
2.4960 83.3
2.4980 16.7
2.5000 33.3
2.5020 33.3
2.5040 66.7
2.5060 0.0
2.5080 100.0
2.5100 33.3
2.5120 0.0
2.5140 33.3
2.5160 33.3
2.5180 50.0
2.5200 83.3
2.5220 16.7
2.5240 66.7
2.5260 83.3
2.5280 16.7
2.5300 50.0
2.5320 0.0
2.5340 33.3
2.5360 16.7
2.5380 16.7
2.5400 16.7
2.5420 66.7
2.5440 33.3
2.5460 66.7
2.5480 0.0
2.5500 0.0
2.5520 0.0
2.5540 66.7
2.5560 16.7
2.5580 33.3
2.5600 16.7
2.5620 16.7
2.5640 83.3
2.5660 33.3
2.5680 50.0
2.5700 50.0
2.5720 16.7
2.5740 33.3
2.5760 33.3
2.5780 16.7
2.5800 16.7
2.5820 33.3
2.5840 16.7
2.5860 50.0
2.5880 66.7
2.5900 16.7
2.5920 0.0
2.5940 83.3
2.5960 50.0
2.5980 33.3
2.6000 50.0
2.6020 33.3
2.6040 16.7
2.6060 16.7
2.6080 16.7
2.6100 33.3
2.6120 0.0
2.6140 33.3
2.6160 16.7
2.6180 33.3
2.6200 16.7
2.6220 16.7
2.6240 33.3
2.6260 33.3
2.6280 66.7
2.6300 16.7
2.6320 0.0
2.6340 83.3
2.6360 33.3
2.6380 33.3
2.6400 33.3
2.6420 0.0
2.6440 0.0
2.6460 0.0
2.6480 33.3
2.6500 100.0
2.6520 16.7
2.6540 0.0
2.6560 16.7
2.6580 0.0
2.6600 16.7
2.6620 50.0
2.6640 50.0
2.6660 16.7
2.6680 33.3
2.6700 33.3
2.6720 16.7
2.6740 33.3
2.6760 33.3
2.6780 33.3
2.6800 16.7
2.6820 33.3
2.6840 66.7
2.6860 66.7
2.6880 16.7
2.6900 0.0
2.6920 0.0
2.6940 33.3
2.6960 50.0
2.6980 50.0
2.7000 66.7
2.7020 16.7
2.7040 16.7
2.7060 16.7
2.7080 0.0
2.7100 33.3
2.7120 16.7
2.7140 116.7
2.7160 33.3
2.7180 16.7
2.7200 83.3
2.7220 50.0
2.7240 50.0
2.7260 50.0
2.7280 16.7
2.7300 16.7
2.7320 66.7
2.7340 16.7
2.7360 33.3
2.7380 50.0
2.7400 50.0
2.7420 0.0
2.7440 50.0
2.7460 16.7
2.7480 66.7
2.7500 0.0
2.7520 0.0
2.7540 66.7
2.7560 16.7
2.7580 33.3
2.7600 66.7
2.7620 33.3
2.7640 33.3
2.7660 83.3
2.7680 33.3
2.7700 16.7
2.7720 0.0
2.7740 16.7
2.7760 66.7
2.7780 66.7
2.7800 16.7
2.7820 16.7
2.7840 133.4
2.7860 33.3
2.7880 33.3
2.7900 16.7
2.7920 33.3
2.7940 83.3
2.7960 16.7
2.7980 0.0
2.8000 16.7
2.8020 33.3
2.8040 0.0
2.8060 16.7
2.8080 0.0
2.8100 33.3
2.8120 50.0
2.8140 50.0
2.8160 16.7
2.8180 16.7
2.8200 33.3
2.8220 16.7
2.8240 16.7
2.8260 66.7
2.8280 0.0
2.8300 0.0
2.8320 0.0
2.8340 100.0
2.8360 0.0
2.8380 16.7
2.8400 50.0
2.8420 16.7
2.8440 33.3
2.8460 16.7
2.8480 50.0
2.8500 0.0
2.8520 33.3
2.8540 33.3
2.8560 16.7
2.8580 16.7
2.8600 0.0
2.8620 33.3
2.8640 0.0
2.8660 33.3
2.8680 16.7
2.8700 66.7
2.8720 16.7
2.8740 33.3
2.8760 33.3
2.8780 33.3
2.8800 33.3
2.8820 50.0
2.8840 50.0
2.8860 50.0
2.8880 0.0
2.8900 0.0
2.8920 50.0
2.8940 33.3
2.8960 16.7
2.8980 0.0
2.9000 16.7
2.9020 0.0
2.9040 16.7
2.9060 0.0
2.9080 33.3
2.9100 33.3
2.9120 0.0
2.9140 0.0
2.9160 16.7
2.9180 16.7
2.9200 50.0
2.9220 16.7
2.9240 16.7
2.9260 16.7
2.9280 16.7
2.9300 33.3
2.9320 0.0
2.9340 0.0
2.9360 16.7
2.9380 50.0
2.9400 33.3
2.9420 50.0
2.9440 16.7
2.9460 50.0
2.9480 0.0
2.9500 33.3
2.9520 16.7
2.9540 33.3
2.9560 0.0
2.9580 16.7
2.9600 16.7
2.9620 16.7
2.9640 33.3
2.9660 33.3
2.9680 16.7
2.9700 16.7
2.9720 33.3
2.9740 16.7
2.9760 83.3
2.9780 50.0
2.9800 16.7
2.9820 33.3
2.9840 16.7
2.9860 0.0
2.9880 50.0
2.9900 33.3
2.9920 0.0
2.9940 16.7
2.9960 16.7
2.9980 50.0
3.0000 0.0
3.0020 33.3
3.0040 66.7
3.0060 33.3
3.0080 33.3
3.0100 16.7
3.0120 16.7
3.0140 100.0
3.0160 33.3
3.0180 16.7
3.0200 16.7
3.0220 50.0
3.0240 16.7
3.0260 33.3
3.0280 33.3
3.0300 33.3
3.0320 50.0
3.0340 66.7
3.0360 0.0
3.0380 0.0
3.0400 16.7
3.0420 0.0
3.0440 16.7
3.0460 66.7
3.0480 0.0
3.0500 0.0
3.0520 33.3
3.0540 66.7
3.0560 16.7
3.0580 33.3
3.0600 33.3
3.0620 16.7
3.0640 50.0
3.0660 16.7
3.0680 16.7
3.0700 16.7
3.0720 16.7
3.0740 0.0
3.0760 33.3
3.0780 16.7
3.0800 0.0
3.0820 0.0
3.0840 33.3
3.0860 0.0
3.0880 33.3
3.0900 33.3
3.0920 83.3
3.0940 0.0
3.0960 33.3
3.0980 16.7
3.1000 33.3
3.1020 16.7
3.1040 50.0
3.1060 66.7
3.1080 0.0
3.1100 16.7
3.1120 0.0
3.1140 0.0
3.1160 16.7
3.1180 16.7
3.1200 33.3
3.1220 83.3
3.1240 0.0
3.1260 0.0
3.1280 33.3
3.1300 16.7
3.1320 33.3
3.1340 0.0
3.1360 16.7
3.1380 16.7
3.1400 16.7
3.1420 33.3
3.1440 100.0
3.1460 0.0
3.1480 0.0
3.1500 0.0
3.1520 0.0
3.1540 0.0
3.1560 16.7
3.1580 66.7
3.1600 0.0
3.1620 0.0
3.1640 33.3
3.1660 16.7
3.1680 50.0
3.1700 33.3
3.1720 33.3
3.1740 100.0
3.1760 16.7
3.1780 33.3
3.1800 50.0
3.1820 50.0
3.1840 33.3
3.1860 33.3
3.1880 50.0
3.1900 16.7
3.1920 66.7
3.1940 16.7
3.1960 50.0
3.1980 0.0
3.2000 33.3
3.2020 33.3
3.2040 16.7
3.2060 33.3
3.2080 16.7
3.2100 50.0
3.2120 0.0
3.2140 50.0
3.2160 16.7
3.2180 0.0
3.2200 33.3
3.2220 50.0
3.2240 50.0
3.2260 33.3
3.2280 0.0
3.2300 0.0
3.2320 16.7
3.2340 33.3
3.2360 16.7
3.2380 16.7
3.2400 33.3
3.2420 50.0
3.2440 0.0
3.2460 0.0
3.2480 16.7
3.2500 33.3
3.2520 33.3
3.2540 50.0
3.2560 0.0
3.2580 0.0
3.2600 50.0
3.2620 16.7
3.2640 0.0
3.2660 0.0
3.2680 16.7
3.2700 33.3
3.2720 0.0
3.2740 33.3
3.2760 66.7
3.2780 33.3
3.2800 0.0
3.2820 16.7
3.2840 16.7
3.2860 33.3
3.2880 0.0
3.2900 0.0
3.2920 16.7
3.2940 33.3
3.2960 16.7
3.2980 33.3
3.3000 16.7
3.3020 33.3
3.3040 16.7
3.3060 0.0
3.3080 16.7
3.3100 16.7
3.3120 50.0
3.3140 33.3
3.3160 16.7
3.3180 50.0
3.3200 33.3
3.3220 16.7
3.3240 16.7
3.3260 0.0
3.3280 16.7
3.3300 50.0
3.3320 16.7
3.3340 16.7
3.3360 16.7
3.3380 33.3
3.3400 16.7
3.3420 0.0
3.3440 16.7
3.3460 16.7
3.3480 16.7
3.3500 33.3
3.3520 33.3
3.3540 16.7
3.3560 16.7
3.3580 16.7
3.3600 33.3
3.3620 33.3
3.3640 66.7
3.3660 0.0
3.3680 33.3
3.3700 16.7
3.3720 0.0
3.3740 50.0
3.3760 33.3
3.3780 33.3
3.3800 33.3
3.3820 16.7
3.3840 33.3
3.3860 16.7
3.3880 50.0
3.3900 16.7
3.3920 0.0
3.3940 33.3
3.3960 33.3
3.3980 16.7
3.4000 33.3
3.4020 16.7
3.4040 50.0
3.4060 0.0
3.4080 50.0
3.4100 0.0
3.4120 16.7
3.4140 50.0
3.4160 0.0
3.4180 16.7
3.4200 16.7
3.4220 16.7
3.4240 0.0
3.4260 0.0
3.4280 33.3
3.4300 33.3
3.4320 16.7
3.4340 16.7
3.4360 16.7
3.4380 50.0
3.4400 16.7
3.4420 33.3
3.4440 0.0
3.4460 16.7
3.4480 50.0
3.4500 33.3
3.4520 50.0
3.4540 16.7
3.4560 33.3
3.4580 0.0
3.4600 0.0
3.4620 0.0
3.4640 0.0
3.4660 33.3
3.4680 50.0
3.4700 50.0
3.4720 16.7
3.4740 0.0
3.4760 33.3
3.4780 66.7
3.4800 33.3
3.4820 0.0
3.4840 0.0
3.4860 0.0
3.4880 50.0
3.4900 50.0
3.4920 33.3
3.4940 16.7
3.4960 0.0
3.4980 0.0
3.5000 50.0
3.5020 83.3
3.5040 16.7
3.5060 16.7
3.5080 0.0
3.5100 16.7
3.5120 0.0
3.5140 0.0
3.5160 33.3
3.5180 16.7
3.5200 16.7
3.5220 16.7
3.5240 33.3
3.5260 16.7
3.5280 33.3
3.5300 50.0
3.5320 33.3
3.5340 33.3
3.5360 0.0
3.5380 0.0
3.5400 16.7
3.5420 16.7
3.5440 0.0
3.5460 50.0
3.5480 33.3
3.5500 16.7
3.5520 33.3
3.5540 50.0
3.5560 16.7
3.5580 16.7
3.5600 16.7
3.5620 0.0
3.5640 16.7
3.5660 16.7
3.5680 50.0
3.5700 0.0
3.5720 16.7
3.5740 0.0
3.5760 66.7
3.5780 16.7
3.5800 16.7
3.5820 16.7
3.5840 0.0
3.5860 16.7
3.5880 50.0
3.5900 16.7
3.5920 16.7
3.5940 50.0
3.5960 33.3
3.5980 50.0
3.6000 16.7
3.6020 0.0
3.6040 0.0
3.6060 16.7
3.6080 0.0
3.6100 0.0
3.6120 33.3
3.6140 0.0
3.6160 0.0
3.6180 50.0
3.6200 66.7
3.6220 33.3
3.6240 33.3
3.6260 33.3
3.6280 66.7
3.6300 0.0
3.6320 16.7
3.6340 16.7
3.6360 0.0
3.6380 16.7
3.6400 50.0
3.6420 16.7
3.6440 0.0
3.6460 33.3
3.6480 0.0
3.6500 33.3
3.6520 50.0
3.6540 50.0
3.6560 0.0
3.6580 33.3
3.6600 16.7
3.6620 16.7
3.6640 16.7
3.6660 50.0
3.6680 16.7
3.6700 50.0
3.6720 33.3
3.6740 33.3
3.6760 0.0
3.6780 33.3
3.6800 33.3
3.6820 0.0
3.6840 0.0
3.6860 33.3
3.6880 33.3
3.6900 16.7
3.6920 0.0
3.6940 16.7
3.6960 0.0
3.6980 33.3
3.7000 16.7
3.7020 0.0
3.7040 16.7
3.7060 16.7
3.7080 0.0
3.7100 33.3
3.7120 16.7
3.7140 16.7
3.7160 0.0
3.7180 33.3
3.7200 33.3
3.7220 16.7
3.7240 0.0
3.7260 16.7
3.7280 0.0
3.7300 16.7
3.7320 0.0
3.7340 66.7
3.7360 0.0
3.7380 0.0
3.7400 16.7
3.7420 33.3
3.7440 33.3
3.7460 33.3
3.7480 16.7
3.7500 16.7
3.7520 16.7
3.7540 16.7
3.7560 33.3
3.7580 0.0
3.7600 16.7
3.7620 16.7
3.7640 0.0
3.7660 16.7
3.7680 66.7
3.7700 33.3
3.7720 16.7
3.7740 33.3
3.7760 33.3
3.7780 16.7
3.7800 16.7
3.7820 16.7
3.7840 16.7
3.7860 0.0
3.7880 16.7
3.7900 66.7
3.7920 33.3
3.7940 0.0
3.7960 16.7
3.7980 33.3
3.8000 16.7
3.8020 33.3
3.8040 0.0
3.8060 33.3
3.8080 33.3
3.8100 33.3
3.8120 33.3
3.8140 33.3
3.8160 33.3
3.8180 16.7
3.8200 16.7
3.8220 50.0
3.8240 0.0
3.8260 0.0
3.8280 16.7
3.8300 0.0
3.8320 16.7
3.8340 16.7
3.8360 16.7
3.8380 16.7
3.8400 0.0
3.8420 16.7
3.8440 33.3
3.8460 16.7
3.8480 0.0
3.8500 33.3
3.8520 50.0
3.8540 33.3
3.8560 0.0
3.8580 0.0
3.8600 33.3
3.8620 33.3
3.8640 16.7
3.8660 16.7
3.8680 0.0
3.8700 16.7
3.8720 50.0
3.8740 16.7
3.8760 0.0
3.8780 0.0
3.8800 16.7
3.8820 33.3
3.8840 16.7
3.8860 16.7
3.8880 33.3
3.8900 16.7
3.8920 0.0
3.8940 0.0
3.8960 16.7
3.8980 16.7
3.9000 0.0
3.9020 0.0
3.9040 16.7
3.9060 0.0
3.9080 16.7
3.9100 50.0
3.9120 0.0
3.9140 16.7
3.9160 16.7
3.9180 0.0
3.9200 0.0
3.9220 50.0
3.9240 0.0
3.9260 0.0
3.9280 16.7
3.9300 16.7
3.9320 33.3
3.9340 50.0
3.9360 0.0
3.9380 0.0
3.9400 16.7
3.9420 0.0
3.9440 16.7
3.9460 66.7
3.9480 33.3
3.9500 16.7
3.9520 50.0
3.9540 0.0
3.9560 0.0
3.9580 0.0
3.9600 33.3
3.9620 33.3
3.9640 16.7
3.9660 50.0
3.9680 0.0
3.9700 16.7
3.9720 16.7
3.9740 16.7
3.9760 16.7
3.9780 0.0
3.9800 33.3
3.9820 0.0
3.9840 16.7
3.9860 16.7
3.9880 0.0
3.9900 33.3
3.9920 33.3
3.9940 0.0
3.9960 33.3
3.9980 16.7
4.0000 0.0
4.0020 0.0
4.0040 16.7
4.0060 33.3
4.0080 0.0
4.0100 33.3
4.0120 0.0
4.0140 0.0
4.0160 16.7
4.0180 16.7
4.0200 0.0
4.0220 0.0
4.0240 16.7
4.0260 16.7
4.0280 16.7
4.0300 16.7
4.0320 50.0
4.0340 16.7
4.0360 33.3
4.0380 16.7
4.0400 50.0
4.0420 33.3
4.0440 0.0
4.0460 0.0
4.0480 0.0
4.0500 16.7
4.0520 0.0
4.0540 16.7
4.0560 16.7
4.0580 33.3
4.0600 16.7
4.0620 16.7
4.0640 0.0
4.0660 16.7
4.0680 50.0
4.0700 33.3
4.0720 50.0
4.0740 33.3
4.0760 33.3
4.0780 0.0
4.0800 16.7
4.0820 33.3
4.0840 16.7
4.0860 16.7
4.0880 0.0
4.0900 16.7
4.0920 66.7
4.0940 0.0
4.0960 16.7
4.0980 0.0
4.1000 16.7
4.1020 16.7
4.1040 33.3
4.1060 33.3
4.1080 0.0
4.1100 16.7
4.1120 16.7
4.1140 50.0
4.1160 66.7
4.1180 33.3
4.1200 16.7
4.1220 16.7
4.1240 0.0
4.1260 16.7
4.1280 0.0
4.1300 0.0
4.1320 16.7
4.1340 16.7
4.1360 16.7
4.1380 66.7
4.1400 16.7
4.1420 0.0
4.1440 16.7
4.1460 16.7
4.1480 16.7
4.1500 33.3
4.1520 16.7
4.1540 16.7
4.1560 0.0
4.1580 50.0
4.1600 33.3
4.1620 33.3
4.1640 0.0
4.1660 0.0
4.1680 33.3
4.1700 0.0
4.1720 16.7
4.1740 33.3
4.1760 16.7
4.1780 16.7
4.1800 0.0
4.1820 33.3
4.1840 16.7
4.1860 0.0
4.1880 50.0
4.1900 16.7
4.1920 0.0
4.1940 16.7
4.1960 50.0
4.1980 16.7
4.2000 66.7
4.2020 16.7
4.2040 16.7
4.2060 16.7
4.2080 0.0
4.2100 16.7
4.2120 0.0
4.2140 16.7
4.2160 16.7
4.2180 0.0
4.2200 16.7
4.2220 33.3
4.2240 0.0
4.2260 33.3
4.2280 33.3
4.2300 50.0
4.2320 0.0
4.2340 33.3
4.2360 33.3
4.2380 0.0
4.2400 33.3
4.2420 50.0
4.2440 16.7
4.2460 33.3
4.2480 16.7
4.2500 0.0
4.2520 16.7
4.2540 16.7
4.2560 33.3
4.2580 16.7
4.2600 33.3
4.2620 16.7
4.2640 0.0
4.2660 33.3
4.2680 16.7
4.2700 16.7
4.2720 16.7
4.2740 33.3
4.2760 0.0
4.2780 33.3
4.2800 33.3
4.2820 16.7
4.2840 0.0
4.2860 16.7
4.2880 50.0
4.2900 16.7
4.2920 50.0
4.2940 0.0
4.2960 33.3
4.2980 0.0
4.3000 33.3
4.3020 16.7
4.3040 0.0
4.3060 33.3
4.3080 0.0
4.3100 16.7
4.3120 16.7
4.3140 33.3
4.3160 33.3
4.3180 33.3
4.3200 0.0
4.3220 16.7
4.3240 0.0
4.3260 0.0
4.3280 33.3
4.3300 0.0
4.3320 33.3
4.3340 0.0
4.3360 16.7
4.3380 0.0
4.3400 0.0
4.3420 0.0
4.3440 0.0
4.3460 0.0
4.3480 33.3
4.3500 16.7
4.3520 16.7
4.3540 33.3
4.3560 0.0
4.3580 16.7
4.3600 0.0
4.3620 0.0
4.3640 16.7
4.3660 16.7
4.3680 0.0
4.3700 0.0
4.3720 16.7
4.3740 16.7
4.3760 0.0
4.3780 33.3
4.3800 33.3
4.3820 0.0
4.3840 16.7
4.3860 0.0
4.3880 0.0
4.3900 50.0
4.3920 0.0
4.3940 0.0
4.3960 50.0
4.3980 16.7
4.4000 50.0
4.4020 33.3
4.4040 0.0
4.4060 33.3
4.4080 33.3
4.4100 50.0
4.4120 0.0
4.4140 16.7
4.4160 33.3
4.4180 0.0
4.4200 0.0
4.4220 16.7
4.4240 33.3
4.4260 16.7
4.4280 0.0
4.4300 0.0
4.4320 0.0
4.4340 16.7
4.4360 50.0
4.4380 16.7
4.4400 0.0
4.4420 0.0
4.4440 0.0
4.4460 16.7
4.4480 16.7
4.4500 16.7
4.4520 0.0
4.4540 50.0
4.4560 0.0
4.4580 33.3
4.4600 16.7
4.4620 0.0
4.4640 0.0
4.4660 33.3
4.4680 0.0
4.4700 0.0
4.4720 33.3
4.4740 0.0
4.4760 33.3
4.4780 16.7
4.4800 50.0
4.4820 0.0
4.4840 16.7
4.4860 33.3
4.4880 16.7
4.4900 33.3
4.4920 16.7
4.4940 33.3
4.4960 16.7
4.4980 0.0
4.5000 16.7
4.5020 66.7
4.5040 16.7
4.5060 0.0
4.5080 16.7
4.5100 50.0
4.5120 0.0
4.5140 16.7
4.5160 0.0
4.5180 50.0
4.5200 0.0
4.5220 16.7
4.5240 16.7
4.5260 16.7
4.5280 33.3
4.5300 0.0
4.5320 0.0
4.5340 0.0
4.5360 16.7
4.5380 0.0
4.5400 33.3
4.5420 16.7
4.5440 16.7
4.5460 0.0
4.5480 0.0
4.5500 33.3
4.5520 16.7
4.5540 16.7
4.5560 0.0
4.5580 33.3
4.5600 16.7
4.5620 0.0
4.5640 16.7
4.5660 0.0
4.5680 0.0
4.5700 16.7
4.5720 66.7
4.5740 16.7
4.5760 16.7
4.5780 16.7
4.5800 16.7
4.5820 16.7
4.5840 16.7
4.5860 0.0
4.5880 33.3
4.5900 16.7
4.5920 0.0
4.5940 0.0
4.5960 0.0
4.5980 0.0
4.6000 16.7
4.6020 33.3
4.6040 0.0
4.6060 16.7
4.6080 33.3
4.6100 0.0
4.6120 33.3
4.6140 33.3
4.6160 50.0
4.6180 0.0
4.6200 16.7
4.6220 0.0
4.6240 16.7
4.6260 0.0
4.6280 0.0
4.6300 16.7
4.6320 0.0
4.6340 0.0
4.6360 33.3
4.6380 16.7
4.6400 0.0
4.6420 0.0
4.6440 16.7
4.6460 16.7
4.6480 16.7
4.6500 50.0
4.6520 33.3
4.6540 50.0
4.6560 33.3
4.6580 33.3
4.6600 16.7
4.6620 16.7
4.6640 0.0
4.6660 16.7
4.6680 0.0
4.6700 16.7
4.6720 16.7
4.6740 0.0
4.6760 0.0
4.6780 16.7
4.6800 0.0
4.6820 0.0
4.6840 33.3
4.6860 16.7
4.6880 16.7
4.6900 16.7
4.6920 0.0
4.6940 16.7
4.6960 0.0
4.6980 0.0
4.7000 33.3
4.7020 16.7
4.7040 33.3
4.7060 0.0
4.7080 0.0
4.7100 33.3
4.7120 16.7
4.7140 16.7
4.7160 0.0
4.7180 16.7
4.7200 0.0
4.7220 16.7
4.7240 50.0
4.7260 16.7
4.7280 16.7
4.7300 16.7
4.7320 0.0
4.7340 16.7
4.7360 0.0
4.7380 33.3
4.7400 33.3
4.7420 16.7
4.7440 33.3
4.7460 16.7
4.7480 16.7
4.7500 33.3
4.7520 0.0
4.7540 16.7
4.7560 33.3
4.7580 33.3
4.7600 33.3
4.7620 16.7
4.7640 0.0
4.7660 0.0
4.7680 0.0
4.7700 33.3
4.7720 0.0
4.7740 0.0
4.7760 33.3
4.7780 0.0
4.7800 0.0
4.7820 33.3
4.7840 0.0
4.7860 0.0
4.7880 0.0
4.7900 0.0
4.7920 16.7
4.7940 33.3
4.7960 0.0
4.7980 0.0
4.8000 0.0
4.8020 16.7
4.8040 0.0
4.8060 0.0
4.8080 0.0
4.8100 0.0
4.8120 33.3
4.8140 16.7
4.8160 16.7
4.8180 16.7
4.8200 16.7
4.8220 16.7
4.8240 16.7
4.8260 0.0
4.8280 0.0
4.8300 33.3
4.8320 16.7
4.8340 16.7
4.8360 16.7
4.8380 66.7
4.8400 0.0
4.8420 0.0
4.8440 0.0
4.8460 16.7
4.8480 33.3
4.8500 0.0
4.8520 16.7
4.8540 16.7
4.8560 0.0
4.8580 0.0
4.8600 16.7
4.8620 50.0
4.8640 0.0
4.8660 0.0
4.8680 16.7
4.8700 16.7
4.8720 0.0
4.8740 16.7
4.8760 16.7
4.8780 0.0
4.8800 16.7
4.8820 0.0
4.8840 16.7
4.8860 0.0
4.8880 33.3
4.8900 33.3
4.8920 0.0
4.8940 33.3
4.8960 16.7
4.8980 16.7
4.9000 33.3
4.9020 0.0
4.9040 16.7
4.9060 33.3
4.9080 0.0
4.9100 16.7
4.9120 0.0
4.9140 16.7
4.9160 16.7
4.9180 0.0
4.9200 33.3
4.9220 33.3
4.9240 0.0
4.9260 0.0
4.9280 0.0
4.9300 50.0
4.9320 16.7
4.9340 16.7
4.9360 33.3
4.9380 33.3
4.9400 0.0
4.9420 0.0
4.9440 16.7
4.9460 16.7
4.9480 16.7
4.9500 50.0
4.9520 16.7
4.9540 0.0
4.9560 33.3
4.9580 16.7
4.9600 16.7
4.9620 50.0
4.9640 33.3
4.9660 0.0
4.9680 16.7
4.9700 33.3
4.9720 16.7
4.9740 0.0
4.9760 0.0
4.9780 16.7
4.9800 16.7
4.9820 0.0
4.9840 16.7
4.9860 0.0
4.9880 16.7
4.9900 0.0
4.9920 0.0
4.9940 66.7
4.9960 33.3
4.9980 16.7
5.0000 0.0
5.0020 50.0
5.0040 50.0
5.0060 16.7
5.0080 16.7
5.0100 0.0
5.0120 16.7
5.0140 0.0
5.0160 16.7
5.0180 0.0
5.0200 33.3
5.0220 16.7
5.0240 50.0
5.0260 0.0
5.0280 0.0
5.0300 16.7
5.0320 16.7
5.0340 0.0
5.0360 16.7
5.0380 16.7
5.0400 16.7
5.0420 0.0
5.0440 16.7
5.0460 33.3
5.0480 16.7
5.0500 0.0
5.0520 16.7
5.0540 16.7
5.0560 33.3
5.0580 16.7
5.0600 16.7
5.0620 16.7
5.0640 0.0
5.0660 0.0
5.0680 33.3
5.0700 16.7
5.0720 16.7
5.0740 16.7
5.0760 0.0
5.0780 0.0
5.0800 0.0
5.0820 50.0
5.0840 16.7
5.0860 16.7
5.0880 0.0
5.0900 16.7
5.0920 33.3
5.0940 16.7
5.0960 0.0
5.0980 0.0
5.1000 16.7
5.1020 33.3
5.1040 0.0
5.1060 50.0
5.1080 33.3
5.1100 16.7
5.1120 16.7
5.1140 16.7
5.1160 0.0
5.1180 16.7
5.1200 16.7
5.1220 0.0
5.1240 33.3
5.1260 16.7
5.1280 16.7
5.1300 16.7
5.1320 16.7
5.1340 33.3
5.1360 0.0
5.1380 0.0
5.1400 0.0
5.1420 33.3
5.1440 16.7
5.1460 16.7
5.1480 0.0
5.1500 0.0
5.1520 16.7
5.1540 0.0
5.1560 0.0
5.1580 0.0
5.1600 16.7
5.1620 0.0
5.1640 50.0
5.1660 16.7
5.1680 16.7
5.1700 16.7
5.1720 16.7
5.1740 0.0
5.1760 0.0
5.1780 33.3
5.1800 0.0
5.1820 0.0
5.1840 16.7
5.1860 0.0
5.1880 0.0
5.1900 16.7
5.1920 33.3
5.1940 50.0
5.1960 33.3
5.1980 66.7
5.2000 0.0
5.2020 16.7
5.2040 0.0
5.2060 0.0
5.2080 16.7
5.2100 0.0
5.2120 16.7
5.2140 16.7
5.2160 16.7
5.2180 16.7
5.2200 33.3
5.2220 16.7
5.2240 0.0
5.2260 16.7
5.2280 16.7
5.2300 16.7
5.2320 0.0
5.2340 33.3
5.2360 0.0
5.2380 0.0
5.2400 0.0
5.2420 0.0
5.2440 16.7
5.2460 33.3
5.2480 33.3
5.2500 33.3
5.2520 0.0
5.2540 16.7
5.2560 0.0
5.2580 0.0
5.2600 16.7
5.2620 16.7
5.2640 0.0
5.2660 0.0
5.2680 16.7
5.2700 0.0
5.2720 0.0
5.2740 50.0
5.2760 33.3
5.2780 0.0
5.2800 16.7
5.2820 0.0
5.2840 33.3
5.2860 0.0
5.2880 33.3
5.2900 16.7
5.2920 0.0
5.2940 33.3
5.2960 16.7
5.2980 33.3
5.3000 0.0
5.3020 16.7
5.3040 33.3
5.3060 16.7
5.3080 16.7
5.3100 16.7
5.3120 50.0
5.3140 33.3
5.3160 16.7
5.3180 33.3
5.3200 0.0
5.3220 0.0
5.3240 0.0
5.3260 0.0
5.3280 0.0
5.3300 33.3
5.3320 16.7
5.3340 16.7
5.3360 16.7
5.3380 0.0
5.3400 16.7
5.3420 16.7
5.3440 50.0
5.3460 16.7
5.3480 0.0
5.3500 0.0
5.3520 66.7
5.3540 0.0
5.3560 16.7
5.3580 16.7
5.3600 16.7
5.3620 0.0
5.3640 0.0
5.3660 0.0
5.3680 0.0
5.3700 0.0
5.3720 0.0
5.3740 0.0
5.3760 16.7
5.3780 16.7
5.3800 16.7
5.3820 33.3
5.3840 16.7
5.3860 33.3
5.3880 16.7
5.3900 33.3
5.3920 0.0
5.3940 0.0
5.3960 0.0
5.3980 0.0
5.4000 16.7
5.4020 0.0
5.4040 16.7
5.4060 0.0
5.4080 0.0
5.4100 33.3
5.4120 16.7
5.4140 16.7
5.4160 0.0
5.4180 16.7
5.4200 33.3
5.4220 0.0
5.4240 16.7
5.4260 0.0
5.4280 33.3
5.4300 0.0
5.4320 0.0
5.4340 33.3
5.4360 16.7
5.4380 33.3
5.4400 0.0
5.4420 16.7
5.4440 0.0
5.4460 33.3
5.4480 66.7
5.4500 16.7
5.4520 16.7
5.4540 33.3
5.4560 16.7
5.4580 16.7
5.4600 33.3
5.4620 16.7
5.4640 16.7
5.4660 16.7
5.4680 0.0
5.4700 16.7
5.4720 16.7
5.4740 16.7
5.4760 0.0
5.4780 0.0
5.4800 0.0
5.4820 33.3
5.4840 0.0
5.4860 50.0
5.4880 0.0
5.4900 16.7
5.4920 33.3
5.4940 33.3
5.4960 16.7
5.4980 0.0
5.5000 0.0
5.5020 0.0
5.5040 33.3
5.5060 0.0
5.5080 0.0
5.5100 16.7
5.5120 33.3
5.5140 16.7
5.5160 0.0
5.5180 16.7
5.5200 16.7
5.5220 16.7
5.5240 16.7
5.5260 16.7
5.5280 16.7
5.5300 16.7
5.5320 16.7
5.5340 0.0
5.5360 16.7
5.5380 50.0
5.5400 33.3
5.5420 16.7
5.5440 0.0
5.5460 0.0
5.5480 0.0
5.5500 16.7
5.5520 16.7
5.5540 16.7
5.5560 83.3
5.5580 16.7
5.5600 0.0
5.5620 16.7
5.5640 16.7
5.5660 33.3
5.5680 16.7
5.5700 0.0
5.5720 16.7
5.5740 16.7
5.5760 16.7
5.5780 0.0
5.5800 33.3
5.5820 16.7
5.5840 0.0
5.5860 0.0
5.5880 0.0
5.5900 33.3
5.5920 16.7
5.5940 16.7
5.5960 0.0
5.5980 0.0
5.6000 0.0
5.6020 16.7
5.6040 16.7
5.6060 0.0
5.6080 50.0
5.6100 33.3
5.6120 0.0
5.6140 50.0
5.6160 16.7
5.6180 0.0
5.6200 0.0
5.6220 16.7
5.6240 0.0
5.6260 16.7
5.6280 0.0
5.6300 0.0
5.6320 0.0
5.6340 16.7
5.6360 16.7
5.6380 33.3
5.6400 0.0
5.6420 16.7
5.6440 16.7
5.6460 0.0
5.6480 0.0
5.6500 33.3
5.6520 0.0
5.6540 16.7
5.6560 0.0
5.6580 16.7
5.6600 0.0
5.6620 16.7
5.6640 33.3
5.6660 16.7
5.6680 0.0
5.6700 0.0
5.6720 0.0
5.6740 0.0
5.6760 0.0
5.6780 0.0
5.6800 33.3
5.6820 0.0
5.6840 0.0
5.6860 16.7
5.6880 16.7
5.6900 16.7
5.6920 16.7
5.6940 33.3
5.6960 0.0
5.6980 0.0
5.7000 16.7
5.7020 16.7
5.7040 16.7
5.7060 16.7
5.7080 50.0
5.7100 16.7
5.7120 0.0
5.7140 16.7
5.7160 33.3
5.7180 16.7
5.7200 33.3
5.7220 0.0
5.7240 16.7
5.7260 0.0
5.7280 16.7
5.7300 16.7
5.7320 16.7
5.7340 0.0
5.7360 16.7
5.7380 16.7
5.7400 33.3
5.7420 33.3
5.7440 0.0
5.7460 0.0
5.7480 0.0
5.7500 33.3
5.7520 0.0
5.7540 0.0
5.7560 16.7
5.7580 0.0
5.7600 0.0
5.7620 50.0
5.7640 16.7
5.7660 0.0
5.7680 16.7
5.7700 0.0
5.7720 0.0
5.7740 16.7
5.7760 16.7
5.7780 0.0
5.7800 0.0
5.7820 16.7
5.7840 0.0
5.7860 0.0
5.7880 16.7
5.7900 16.7
5.7920 16.7
5.7940 0.0
5.7960 33.3
5.7980 16.7
5.8000 33.3
5.8020 16.7
5.8040 16.7
5.8060 16.7
5.8080 0.0
5.8100 0.0
5.8120 16.7
5.8140 16.7
5.8160 16.7
5.8180 16.7
5.8200 16.7
5.8220 16.7
5.8240 16.7
5.8260 0.0
5.8280 0.0
5.8300 0.0
5.8320 16.7
5.8340 0.0
5.8360 0.0
5.8380 0.0
5.8400 0.0
5.8420 16.7
5.8440 16.7
5.8460 16.7
5.8480 0.0
5.8500 0.0
5.8520 16.7
5.8540 0.0
5.8560 0.0
5.8580 0.0
5.8600 0.0
5.8620 16.7
5.8640 0.0
5.8660 16.7
5.8680 0.0
5.8700 16.7
5.8720 16.7
5.8740 16.7
5.8760 16.7
5.8780 33.3
5.8800 0.0
5.8820 0.0
5.8840 0.0
5.8860 0.0
5.8880 50.0
5.8900 16.7
5.8920 0.0
5.8940 33.3
5.8960 0.0
5.8980 16.7
5.9000 50.0
5.9020 0.0
5.9040 0.0
5.9060 0.0
5.9080 0.0
5.9100 0.0
5.9120 33.3
5.9140 0.0
5.9160 0.0
5.9180 16.7
5.9200 33.3
5.9220 16.7
5.9240 0.0
5.9260 33.3
5.9280 0.0
5.9300 16.7
5.9320 0.0
5.9340 0.0
5.9360 0.0
5.9380 0.0
5.9400 16.7
5.9420 16.7
5.9440 0.0
5.9460 0.0
5.9480 0.0
5.9500 0.0
5.9520 16.7
5.9540 16.7
5.9560 0.0
5.9580 50.0
5.9600 0.0
5.9620 0.0
5.9640 16.7
5.9660 33.3
5.9680 16.7
5.9700 16.7
5.9720 33.3
5.9740 33.3
5.9760 0.0
5.9780 0.0
5.9800 33.3
5.9820 16.7
5.9840 0.0
5.9860 16.7
5.9880 16.7
5.9900 0.0
5.9920 33.3
5.9940 16.7
5.9960 16.7
5.9980 16.7
6.0000 0.0
